0.020000	0.080030	-128.334095	
0.040000	0.160065	-128.336496	
0.060000	0.240106	-128.340497	
0.080000	0.320157	-128.346100	
0.100000	0.400222	-128.353304	
0.120000	0.480305	-128.362109	
0.140000	0.560409	-128.372516	
0.160000	0.640537	-128.384525	
0.180000	0.720692	-128.398137	
0.200000	0.800878	-128.413353	
0.220000	0.881098	-128.430172	
0.240000	0.961356	-128.448597	
0.260000	1.041654	-128.468627	
0.280000	1.121995	-128.490263	
0.300000	1.202382	-128.513506	
0.320000	1.282819	-128.538358	
0.340000	1.363307	-128.564819	
0.360000	1.443851	-128.592891	
0.380000	1.524451	-128.622573	
0.400000	1.605112	-128.653869	
0.420000	1.685835	-128.686778	
0.440000	1.766622	-128.721302	
0.460000	1.847476	-128.757443	
0.480000	1.928399	-128.795201	
0.500000	2.009392	-128.834579	
0.520000	2.090458	-128.875577	
0.540000	2.171598	-128.918197	
0.560000	2.252814	-128.962441	
0.580000	2.334106	-129.008309	
0.600000	2.415478	-129.055805	
0.620000	2.496928	-129.104929	
0.640000	2.578459	-129.155682	
0.660000	2.660071	-129.208067	
0.680000	2.741765	-129.262085	
0.700000	2.823542	-129.317737	
0.720000	2.905401	-129.375026	
0.740000	2.987343	-129.433953	
0.760000	3.069368	-129.494520	
0.780000	3.151475	-129.556728	
0.800000	3.233665	-129.620579	
0.820000	3.315938	-129.686075	
0.840000	3.398291	-129.753217	
0.860000	3.480725	-129.822006	
0.880000	3.563239	-129.892446	
0.900000	3.645831	-129.964536	
0.920000	3.728500	-130.038279	
0.940000	3.811246	-130.113676	
0.960000	3.894065	-130.190729	
0.980000	3.976956	-130.269439	
1.000000	4.059918	-130.349807	
1.020000	4.142949	-130.431835	
1.040000	4.226045	-130.515525	
1.060000	4.309205	-130.600877	
1.080000	4.392426	-130.687893	
1.100000	4.475705	-130.776574	
1.120000	4.559040	-130.866921	
1.140000	4.642428	-130.958936	
1.160000	4.725865	-131.052619	
1.180000	4.809347	-131.147970	
1.200000	4.892873	-131.244992	
1.220000	4.976438	-131.343685	
1.240000	5.060038	-131.444050	
1.260000	5.143670	-131.546087	
1.280000	5.227329	-131.649797	
1.300000	5.311013	-131.755180	
1.320000	5.394716	-131.862237	
1.340000	5.478435	-131.970969	
1.360000	5.562164	-132.081375	
1.380000	5.645901	-132.193455	
1.400000	5.729639	-132.307211	
1.420000	5.813376	-132.422641	
1.440000	5.897105	-132.539746	
1.460000	5.980823	-132.658525	
1.480000	6.064524	-132.778979	
1.500000	6.148204	-132.901106	
1.520000	6.231857	-133.024907	
1.540000	6.315480	-133.150380	
1.560000	6.399066	-133.277526	
1.580000	6.482611	-133.406343	
1.600000	6.566110	-133.536830	
1.620000	6.649558	-133.668987	
1.640000	6.732950	-133.802813	
1.660000	6.816280	-133.938305	
1.680000	6.899543	-134.075464	
1.700000	6.982735	-134.214287	
1.720000	7.065850	-134.354773	
1.740000	7.148884	-134.496921	
1.760000	7.231830	-134.640729	
1.780000	7.314685	-134.786194	
1.800000	7.397442	-134.933316	
1.820000	7.480098	-135.082092	
1.840000	7.562647	-135.232520	
1.860000	7.645083	-135.384598	
1.880000	7.727404	-135.538323	
1.900000	7.809602	-135.693694	
1.920000	7.891674	-135.850707	
1.940000	7.973616	-136.009361	
1.960000	8.055421	-136.169652	
1.980000	8.137086	-136.331578	
2.000000	8.218607	-136.495135	
2.020000	8.299978	-136.660322	
2.040000	8.381195	-136.827135	
2.060000	8.462255	-136.995570	
2.080000	8.543152	-137.165625	
2.100000	8.623883	-137.337296	
2.120000	8.704443	-137.510580	
2.140000	8.784829	-137.685474	
2.160000	8.865037	-137.861973	
2.180000	8.945063	-138.040075	
2.200000	9.024903	-138.219776	
2.220000	9.104554	-138.401071	
2.240000	9.184012	-138.583958	
2.260000	9.263274	-138.768432	
2.280000	9.342336	-138.954489	
2.300000	9.421196	-139.142125	
2.320000	9.499849	-139.331337	
2.340000	9.578294	-139.522119	
2.360000	9.656527	-139.714468	
2.380000	9.734545	-139.908380	
2.400000	9.812345	-140.103850	
2.420000	9.889926	-140.300874	
2.440000	9.967284	-140.499447	
2.460000	10.044418	-140.699565	
2.480000	10.121323	-140.901224	
2.500000	10.198000	-141.104418	
2.520000	10.274445	-141.309144	
2.540000	10.350656	-141.515396	
2.560000	10.426631	-141.723170	
2.580000	10.502370	-141.932461	
2.600000	10.577868	-142.143265	
2.620000	10.653126	-142.355576	
2.640000	10.728142	-142.569390	
2.660000	10.802913	-142.784702	
2.680000	10.877439	-143.001507	
2.700000	10.951719	-143.219799	
2.720000	11.025750	-143.439575	
2.740000	11.099532	-143.660829	
2.760000	11.173065	-143.883557	
2.780000	11.246346	-144.107752	
2.800000	11.319375	-144.333410	
2.820000	11.392151	-144.560527	
2.840000	11.464673	-144.789096	
2.860000	11.536941	-145.019114	
2.880000	11.608954	-145.250574	
2.900000	11.680711	-145.483472	
2.920000	11.752212	-145.717803	
2.940000	11.823457	-145.953561	
2.960000	11.894445	-146.190741	
2.980000	11.965175	-146.429338	
3.000000	12.035648	-146.669348	
3.020000	12.105864	-146.910764	
3.040000	12.175821	-147.153582	
3.060000	12.245521	-147.397797	
3.080000	12.314963	-147.643403	
3.100000	12.384147	-147.890396	
3.120000	12.453073	-148.138769	
3.140000	12.521741	-148.388518	
3.160000	12.590152	-148.639639	
3.180000	12.658305	-148.892125	
3.200000	12.726201	-149.145971	
3.220000	12.793841	-149.401173	
3.240000	12.861223	-149.657725	
3.260000	12.928350	-149.915622	
3.280000	12.995221	-150.174859	
3.300000	13.061837	-150.435430	
3.320000	13.128197	-150.697332	
3.340000	13.194304	-150.960558	
3.360000	13.260156	-151.225104	
3.380000	13.325756	-151.490965	
3.400000	13.391102	-151.758134	
3.420000	13.456197	-152.026609	
3.440000	13.521041	-152.296382	
3.460000	13.585633	-152.567450	
3.480000	13.649976	-152.839808	
3.500000	13.714070	-153.113449	
3.520000	13.777915	-153.388370	
3.540000	13.841512	-153.664566	
3.560000	13.904863	-153.942031	
3.580000	13.967968	-154.220760	
3.600000	14.030828	-154.500750	
3.620000	14.093443	-154.781994	
3.640000	14.155815	-155.064487	
3.660000	14.217945	-155.348226	
3.680000	14.279834	-155.633205	
3.700000	14.341482	-155.919419	
3.720000	14.402890	-156.206864	
3.740000	14.464060	-156.495535	
3.760000	14.524993	-156.785427	
3.780000	14.585690	-157.076535	
3.800000	14.646151	-157.368854	
3.820000	14.706379	-157.662381	
3.840000	14.766373	-157.957110	
3.860000	14.826136	-158.253036	
3.880000	14.885668	-158.550155	
3.900000	14.944971	-158.848462	
3.920000	15.004046	-159.147954	
3.940000	15.062894	-159.448624	
3.960000	15.121516	-159.750470	
3.980000	15.179914	-160.053485	
4.000000	15.238089	-160.357666	
4.020000	15.296043	-160.663009	
4.040000	15.353777	-160.969508	
4.060000	15.411292	-161.277160	
4.080000	15.468589	-161.585959	
4.100000	15.525672	-161.895903	
4.120000	15.582539	-162.206986	
4.140000	15.639195	-162.519205	
4.160000	15.695639	-162.832554	
4.180000	15.751874	-163.147030	
4.200000	15.807901	-163.462629	
4.220000	15.863722	-163.779346	
4.240000	15.919340	-164.097178	
4.260000	15.974755	-164.416120	
4.280000	16.029969	-164.736168	
4.300000	16.084985	-165.057319	
4.320000	16.139804	-165.379568	
4.340000	16.194429	-165.702911	
4.360000	16.248861	-166.027345	
4.380000	16.303103	-166.352865	
4.400000	16.357158	-166.679469	
4.420000	16.411026	-167.007152	
4.440000	16.464711	-167.335910	
4.460000	16.518215	-167.665740	
4.480000	16.571541	-167.996639	
4.500000	16.624691	-168.328602	
4.520000	16.677669	-168.661626	
4.540000	16.730476	-168.995708	
4.560000	16.783116	-169.330845	
4.580000	16.835591	-169.667033	
4.600000	16.887906	-170.004269	
4.620000	16.940063	-170.342549	
4.640000	16.992065	-170.681871	
4.660000	17.043917	-171.022232	
4.680000	17.095621	-171.363628	
4.700000	17.147183	-171.706057	
4.720000	17.198605	-172.049515	
4.740000	17.249892	-172.394001	
4.760000	17.301048	-172.739511	
4.780000	17.352078	-173.086043	
4.800000	17.402987	-173.433594	
4.820000	17.453780	-173.782162	
4.840000	17.504461	-174.131745	
4.860000	17.555037	-174.482341	
4.880000	17.605513	-174.833947	
4.900000	17.655895	-175.186561	
4.920000	17.706190	-175.540183	
4.940000	17.756403	-175.894809	
4.960000	17.806543	-176.250439	
4.980000	17.856616	-176.607071	
5.000000	17.906630	-176.964703	
5.020000	17.956593	-177.323336	
5.040000	18.006514	-177.682967	
5.060000	18.056401	-178.043596	
5.080000	18.106264	-178.405223	
5.100000	18.156113	-178.767847	
5.120000	18.205959	-179.131468	
5.140000	18.255812	-179.496085	
5.160000	18.305684	-179.861700	
5.180000	18.355587	-180.228313	
5.200000	18.405535	-180.595924	
5.220000	18.455540	-180.964534	
5.240000	18.505618	-181.334145	
5.260000	18.555784	-181.704759	
5.280000	18.606053	-182.076377	
5.300000	18.656443	-182.449001	
5.320000	18.706972	-182.822634	
5.340000	18.757658	-183.197280	
5.360000	18.808522	-183.572941	
5.380000	18.859585	-183.949621	
5.400000	18.910869	-184.327324	
5.420000	18.962399	-184.706055	
5.440000	19.014199	-185.085820	
5.460000	19.066295	-185.466623	
5.480000	19.118717	-185.848472	
5.500000	19.171493	-186.231372	
5.520000	19.224654	-186.615331	
5.540000	19.278236	-187.000358	
5.560000	19.332271	-187.386461	
5.580000	19.386797	-187.773649	
5.600000	19.441855	-188.161933	
5.620000	19.497484	-188.551323	
5.640000	19.553729	-188.941832	
5.660000	19.610637	-189.333472	
5.680000	19.668256	-189.726258	
5.700000	19.726637	-190.120203	
5.720000	19.785836	-190.515323	
5.740000	19.845910	-190.911636	
5.760000	19.906919	-191.309160	
5.780000	19.968928	-191.707913	
5.800000	20.032004	-192.107917	
5.820000	20.096219	-192.509193	
5.840000	20.161646	-192.911765	
5.860000	20.228366	-193.315659	
5.880000	20.296459	-193.720900	
5.900000	20.366014	-194.127517	
5.920000	20.437122	-194.535541	
5.940000	20.509878	-194.945002	
5.960000	20.584383	-195.355936	
5.980000	20.660741	-195.768377	
6.000000	20.739063	-196.182365	
6.020000	20.819462	-196.597940	
6.040000	20.902058	-197.015144	
6.060000	20.986975	-197.434022	
6.080000	21.074343	-197.854623	
6.100000	21.164295	-198.276996	
6.120000	21.256971	-198.701195	
6.140000	21.352513	-199.127275	
6.160000	21.451071	-199.555295	
6.180000	21.552796	-199.985318	
6.200000	21.657844	-200.417407	
6.220000	21.766375	-200.851631	
6.240000	21.878553	-201.288062	
6.260000	21.994544	-201.726774	
6.280000	22.114515	-202.167844	
6.300000	22.238635	-202.611354	
6.320000	22.367076	-203.057389	
6.340000	22.500006	-203.506037	
6.360000	22.637594	-203.957389	
6.380000	22.780008	-204.411541	
6.400000	22.927408	-204.868590	
6.420000	23.079955	-205.328637	
6.440000	23.237798	-205.791788	
6.460000	23.401083	-206.258149	
6.480000	23.569945	-206.727831	
6.500000	23.744506	-207.200947	
6.520000	23.924878	-207.677612	
6.540000	24.111156	-208.157942	
6.560000	24.303422	-208.642058	
6.580000	24.501737	-209.130079	
6.600000	24.706142	-209.622127	
6.620000	24.916658	-210.118325	
6.640000	25.133280	-210.618794	
6.660000	25.355981	-211.123656	
6.680000	25.584705	-211.633033	
6.700000	25.819370	-212.147044	
6.720000	26.059865	-212.665808	
6.740000	26.306051	-213.189439	
6.760000	26.557758	-213.718050	
6.780000	26.814787	-214.251749	
6.800000	27.076912	-214.790641	
6.820000	27.343877	-215.334825	
6.840000	27.615398	-215.884396	
6.860000	27.891168	-216.439441	
6.880000	28.170857	-217.000043	
6.900000	28.454110	-217.566276	
6.920000	28.740560	-218.138207	
6.940000	29.029818	-218.715898	
6.960000	29.321490	-219.299400	
6.980000	29.615168	-219.888758	
7.000000	29.910444	-220.484007	
7.020000	30.206908	-221.085175	
7.040000	30.504151	-221.692283	
7.060000	30.801775	-222.305341	
7.080000	31.099391	-222.924354	
7.100000	31.396625	-223.549317	
7.120000	31.693119	-224.180219	
7.140000	31.988539	-224.817042	
7.160000	32.282573	-225.459761	
7.180000	32.574935	-226.108345	
7.200000	32.865366	-226.762758	
7.220000	33.153638	-227.422959	
7.240000	33.439554	-228.088904	
7.260000	33.722944	-228.760542	
7.280000	34.003675	-229.437821	
7.300000	34.281641	-230.120689	
7.320000	34.556768	-230.809087	
7.340000	34.829011	-231.502959	
7.360000	35.098355	-232.202247	
7.380000	35.364810	-232.906894	
7.400000	35.628412	-233.616840	
7.420000	35.889219	-234.332030	
7.440000	36.147312	-235.052409	
7.460000	36.402788	-235.777922	
7.480000	36.655764	-236.508520	
7.500000	36.906367	-237.244153	
7.520000	37.154737	-237.984775	
7.540000	37.401023	-238.730342	
7.560000	37.645382	-239.480816	
7.580000	37.887972	-240.236158	
7.600000	38.128956	-240.996335	
7.620000	38.368494	-241.761316	
7.640000	38.606746	-242.531074	
7.660000	38.843865	-243.305586	
7.680000	39.080000	-244.084829	
7.700000	39.315290	-244.868786	
7.720000	39.549865	-245.657441	
7.740000	39.783845	-246.450780	
7.760000	40.017336	-247.248794	
7.780000	40.250430	-248.051474	
7.800000	40.483207	-248.858812	
7.820000	40.715730	-249.670802	
7.840000	40.948045	-250.487441	
7.860000	41.180184	-251.308724	
7.880000	41.412162	-252.134648	
7.900000	41.643975	-252.965210	
7.920000	41.875605	-253.800407	
7.940000	42.107017	-254.640235	
7.960000	42.338159	-255.484688	
7.980000	42.568966	-256.333761	
8.000000	42.799355	-257.187447	
8.020000	43.029233	-258.045735	
8.040000	43.258491	-258.908616	
8.060000	43.487011	-259.776075	
8.080000	43.714665	-260.648096	
8.100000	43.941312	-261.524661	
8.120000	44.166808	-262.405749	
8.140000	44.391000	-263.291334	
8.160000	44.613732	-264.181389	
8.180000	44.834844	-265.075883	
8.200000	45.054175	-265.974783	
8.220000	45.271561	-266.878050	
8.240000	45.486844	-267.785645	
8.260000	45.699864	-268.697524	
8.280000	45.910467	-269.613640	
8.300000	46.118505	-270.533942	
8.320000	46.323834	-271.458380	
8.340000	46.526319	-272.386896	
8.360000	46.725831	-273.319433	
8.380000	46.922253	-274.255929	
8.400000	47.115474	-275.196323	
8.420000	47.305396	-276.140548	
8.440000	47.491930	-277.088538	
8.460000	47.674998	-278.040225	
8.480000	47.854532	-278.995538	
8.500000	48.030478	-279.954407	
8.520000	48.202789	-280.916757	
8.540000	48.371432	-281.882518	
8.560000	48.536383	-282.851615	
8.580000	48.697627	-283.823973	
8.600000	48.855162	-284.799520	
8.620000	49.008994	-285.778180	
8.640000	49.159136	-286.759880	
8.660000	49.305613	-287.744545	
8.680000	49.448455	-288.732104	
8.700000	49.587701	-289.722484	
8.720000	49.723395	-290.715612	
8.740000	49.855589	-291.711419	
8.760000	49.984340	-292.709836	
8.780000	50.109708	-293.710793	
8.800000	50.231761	-294.714224	
8.820000	50.350567	-295.720063	
8.840000	50.466199	-296.728247	
8.860000	50.578734	-297.738711	
8.880000	50.688249	-298.751396	
8.900000	50.794823	-299.766241	
8.920000	50.898537	-300.783189	
8.940000	50.999474	-301.802183	
8.960000	51.097716	-302.823168	
8.980000	51.193344	-303.846091	
9.000000	51.286442	-304.870902	
9.020000	51.377092	-305.897549	
9.040000	51.465375	-306.925985	
9.060000	51.551371	-307.956164	
9.080000	51.635160	-308.988040	
9.100000	51.716819	-310.021570	
9.120000	51.796426	-311.056713	
9.140000	51.874055	-312.093428	
9.160000	51.949779	-313.131675	
9.180000	52.023671	-314.171419	
9.200000	52.095799	-315.212622	
9.220000	52.166232	-316.255251	
9.240000	52.235034	-317.299271	
9.260000	52.302271	-318.344652	
9.280000	52.368004	-319.391362	
9.300000	52.432292	-320.439372	
9.320000	52.495192	-321.488654	
9.340000	52.556762	-322.539180	
9.360000	52.617054	-323.590924	
9.380000	52.676119	-324.643862	
9.400000	52.734008	-325.697969	
9.420000	52.790769	-326.753222	
9.440000	52.846446	-327.809600	
9.460000	52.901085	-328.867080	
9.480000	52.954728	-329.925643	
9.500000	53.007414	-330.985269	
9.520000	53.059183	-332.045940	
9.540000	53.110072	-333.107637	
9.560000	53.160116	-334.170343	
9.580000	53.209349	-335.234041	
9.600000	53.257805	-336.298717	
9.620000	53.305513	-337.364353	
9.640000	53.352504	-338.430937	
9.660000	53.398806	-339.498454	
9.680000	53.444446	-340.566889	
9.700000	53.489450	-341.636231	
9.720000	53.533842	-342.706467	
9.740000	53.577646	-343.777585	
9.760000	53.620884	-344.849573	
9.780000	53.663578	-345.922420	
9.800000	53.705748	-346.996116	
9.820000	53.747413	-348.070650	
9.840000	53.788592	-349.146013	
9.860000	53.829302	-350.222194	
9.880000	53.869561	-351.299185	
9.900000	53.909384	-352.376977	
9.920000	53.948786	-353.455560	
9.940000	53.987782	-354.534928	
9.960000	54.026386	-355.615072	
9.980000	54.064611	-356.695983	
10.000000	54.102469	-357.777656	
10.020000	54.139972	-358.860082	
10.040000	54.177132	-359.943255	
10.060000	54.213959	-361.027167	
10.080000	54.250464	-362.111813	
10.100000	54.286656	-363.197186	
10.120000	54.322546	-364.283279	
10.140000	54.358141	-365.370088	
10.160000	54.393450	-366.457605	
10.180000	54.428482	-367.545826	
10.200000	54.463244	-368.634744	
10.220000	54.497743	-369.724356	
10.240000	54.531987	-370.814654	
10.260000	54.565982	-371.905635	
10.280000	54.599734	-372.997293	
10.300000	54.633250	-374.089624	
10.320000	54.666536	-375.182623	
10.340000	54.699596	-376.276286	
10.360000	54.732437	-377.370607	
10.380000	54.765063	-378.465583	
10.400000	54.797479	-379.561210	
10.420000	54.829690	-380.657482	
10.440000	54.861700	-381.754397	
10.460000	54.893513	-382.851950	
10.480000	54.925134	-383.950138	
10.500000	54.956566	-385.048956	
10.520000	54.987813	-386.148401	
10.540000	55.018879	-387.248468	
10.560000	55.049767	-388.349156	
10.580000	55.080480	-389.450459	
10.600000	55.111021	-390.552375	
10.620000	55.141394	-391.654900	
10.640000	55.171601	-392.758031	
10.660000	55.201645	-393.861764	
10.680000	55.231529	-394.966096	
10.700000	55.261255	-396.071025	
10.720000	55.290826	-397.176547	
10.740000	55.320243	-398.282658	
10.760000	55.349511	-399.389356	
10.780000	55.378629	-400.496639	
10.800000	55.407602	-401.604502	
10.820000	55.436430	-402.712943	
10.840000	55.465116	-403.821959	
10.860000	55.493662	-404.931547	
10.880000	55.522069	-406.041705	
10.900000	55.550339	-407.152430	
10.920000	55.578475	-408.263719	
10.940000	55.606477	-409.375569	
10.960000	55.634347	-410.487978	
10.980000	55.662087	-411.600943	
11.000000	55.689698	-412.714461	
11.020000	55.717183	-413.828531	
11.040000	55.744541	-414.943149	
11.060000	55.771775	-416.058312	
11.080000	55.798886	-417.174020	
11.100000	55.825876	-418.290268	
11.120000	55.852745	-419.407055	
11.140000	55.879494	-420.524378	
11.160000	55.906126	-421.642234	
11.180000	55.932641	-422.760623	
11.200000	55.959040	-423.879540	
11.220000	55.985325	-424.998984	
11.240000	56.011497	-426.118953	
11.260000	56.037555	-427.239444	
11.280000	56.063503	-428.360455	
11.300000	56.089340	-429.481984	
11.320000	56.115068	-430.604029	
11.340000	56.140688	-431.726587	
11.360000	56.166200	-432.849656	
11.380000	56.191605	-433.973235	
11.400000	56.216906	-435.097321	
11.420000	56.242101	-436.221911	
11.440000	56.267193	-437.347005	
11.460000	56.292181	-438.472599	
11.480000	56.317068	-439.598692	
11.500000	56.341853	-440.725282	
11.520000	56.366538	-441.852366	
11.540000	56.391123	-442.979943	
11.560000	56.415610	-444.108011	
11.580000	56.439998	-445.236568	
11.600000	56.464289	-446.365611	
11.620000	56.488483	-447.495139	
11.640000	56.512581	-448.625150	
11.660000	56.536585	-449.755642	
11.680000	56.560493	-450.886614	
11.700000	56.584309	-452.018062	
11.720000	56.608031	-453.149986	
11.740000	56.631660	-454.282383	
11.760000	56.655198	-455.415252	
11.780000	56.678645	-456.548591	
11.800000	56.702002	-457.682398	
11.820000	56.725268	-458.816671	
11.840000	56.748446	-459.951409	
11.860000	56.771535	-461.086609	
11.880000	56.794536	-462.222270	
11.900000	56.817450	-463.358391	
11.920000	56.840277	-464.494968	
11.940000	56.863019	-465.632002	
11.960000	56.885674	-466.769489	
11.980000	56.908245	-467.907429	
12.000000	56.930731	-469.045819	
12.020000	56.953134	-470.184658	
12.040000	56.975453	-471.323944	
12.060000	56.997689	-472.463676	
12.080000	57.019844	-473.603852	
12.100000	57.041917	-474.744470	
12.120000	57.063908	-475.885528	
12.140000	57.085819	-477.027026	
12.160000	57.107650	-478.168961	
12.180000	57.129402	-479.311332	
12.200000	57.151074	-480.454137	
12.220000	57.172668	-481.597375	
12.240000	57.194184	-482.741044	
12.260000	57.215622	-483.885142	
12.280000	57.236983	-485.029669	
12.300000	57.258268	-486.174622	
12.320000	57.279476	-487.320000	
12.340000	57.300609	-488.465801	
12.360000	57.321667	-489.612024	
12.380000	57.342650	-490.758668	
12.400000	57.363559	-491.905730	
12.420000	57.384394	-493.053210	
12.440000	57.405155	-494.201106	
12.460000	57.425844	-495.349416	
12.480000	57.446460	-496.498140	
12.500000	57.467004	-497.647275	
12.520000	57.487477	-498.796820	
12.540000	57.507878	-499.946774	
12.560000	57.528208	-501.097135	
12.580000	57.548469	-502.247902	
12.600000	57.568659	-503.399074	
12.620000	57.588780	-504.550648	
12.640000	57.608831	-505.702625	
12.660000	57.628814	-506.855002	
12.680000	57.648729	-508.007777	
12.700000	57.668575	-509.160951	
12.720000	57.688354	-510.314520	
12.740000	57.708066	-511.468485	
12.760000	57.727712	-512.622843	
12.780000	57.747290	-513.777593	
12.800000	57.766803	-514.932735	
12.820000	57.786250	-516.088265	
12.840000	57.805632	-517.244185	
12.860000	57.824949	-518.400491	
12.880000	57.844202	-519.557183	
12.900000	57.863390	-520.714259	
12.920000	57.882515	-521.871718	
12.940000	57.901576	-523.029559	
12.960000	57.920574	-524.187781	
12.980000	57.939509	-525.346382	
13.000000	57.958382	-526.505362	
13.020000	57.977193	-527.664718	
13.040000	57.995942	-528.824449	
13.060000	58.014630	-529.984555	
13.080000	58.033256	-531.145034	
13.100000	58.051822	-532.305886	
13.120000	58.070328	-533.467107	
13.140000	58.088773	-534.628699	
13.160000	58.107159	-535.790658	
13.180000	58.125486	-536.952985	
13.200000	58.143753	-538.115678	
13.220000	58.161961	-539.278735	
13.240000	58.180111	-540.442156	
13.260000	58.198203	-541.605940	
13.280000	58.216237	-542.770084	
13.300000	58.234214	-543.934589	
13.320000	58.252133	-545.099453	
13.340000	58.269996	-546.264674	
13.360000	58.287801	-547.430253	
13.380000	58.305551	-548.596187	
13.400000	58.323244	-549.762475	
13.420000	58.340881	-550.929116	
13.440000	58.358464	-552.096110	
13.460000	58.375990	-553.263455	
13.480000	58.393462	-554.431150	
13.500000	58.410880	-555.599193	
13.520000	58.428243	-556.767585	
13.540000	58.445552	-557.936323	
13.560000	58.462807	-559.105407	
13.580000	58.480009	-560.274835	
13.600000	58.497157	-561.444607	
13.620000	58.514253	-562.614722	
13.640000	58.531296	-563.785177	
13.660000	58.548286	-564.955973	
13.680000	58.565224	-566.127109	
13.700000	58.582111	-567.298582	
13.720000	58.598945	-568.470393	
13.740000	58.615729	-569.642540	
13.760000	58.632461	-570.815022	
13.780000	58.649142	-571.987839	
13.800000	58.665773	-573.160988	
13.820000	58.682353	-574.334470	
13.840000	58.698883	-575.508282	
13.860000	58.715363	-576.682425	
13.880000	58.731794	-577.856897	
13.900000	58.748175	-579.031697	
13.920000	58.764507	-580.206824	
13.940000	58.780790	-581.382277	
13.960000	58.797025	-582.558055	
13.980000	58.813211	-583.734158	
14.000000	58.829349	-584.910584	
14.020000	58.845438	-586.087332	
14.040000	58.861480	-587.264401	
14.060000	58.877475	-588.441791	
14.080000	58.893422	-589.619500	
14.100000	58.909322	-590.797528	
14.120000	58.925176	-591.975873	
14.140000	58.940982	-593.154535	
14.160000	58.956743	-594.333512	
14.180000	58.972457	-595.512805	
14.200000	58.988125	-596.692411	
14.220000	59.003748	-597.872330	
14.240000	59.019324	-599.052561	
14.260000	59.034856	-600.233103	
14.280000	59.050342	-601.413955	
14.300000	59.065784	-602.595116	
14.320000	59.081181	-603.776586	
14.340000	59.096533	-604.958364	
14.360000	59.111842	-606.140448	
14.380000	59.127106	-607.322837	
14.400000	59.142326	-608.505532	
14.420000	59.157502	-609.688530	
14.440000	59.172635	-610.871832	
14.460000	59.187725	-612.055436	
14.480000	59.202772	-613.239341	
14.500000	59.217776	-614.423547	
14.520000	59.232737	-615.608052	
14.540000	59.247656	-616.792856	
14.560000	59.262532	-617.977958	
14.580000	59.277366	-619.163357	
14.600000	59.292159	-620.349053	
14.620000	59.306909	-621.535044	
14.640000	59.321618	-622.721329	
14.660000	59.336286	-623.907908	
14.680000	59.350913	-625.094781	
14.700000	59.365498	-626.281945	
14.720000	59.380043	-627.469401	
14.740000	59.394548	-628.657147	
14.760000	59.409011	-629.845182	
14.780000	59.423435	-631.033507	
14.800000	59.437818	-632.222120	
14.820000	59.452162	-633.411020	
14.840000	59.466466	-634.600206	
14.860000	59.480730	-635.789678	
14.880000	59.494955	-636.979436	
14.900000	59.509140	-638.169477	
14.920000	59.523287	-639.359801	
14.940000	59.537395	-640.550408	
14.960000	59.551464	-641.741297	
14.980000	59.565494	-642.932467	
15.000000	59.579486	-644.123917	
15.020000	59.593440	-645.315646	
15.040000	59.607356	-646.507654	
15.060000	59.621234	-647.699940	
15.080000	59.635075	-648.892504	
15.100000	59.648877	-650.085343	
15.120000	59.662643	-651.278459	
15.140000	59.676371	-652.471849	
15.160000	59.690062	-653.665514	
15.180000	59.703716	-654.859452	
15.200000	59.717333	-656.053662	
15.220000	59.730914	-657.248145	
15.240000	59.744458	-658.442899	
15.260000	59.757967	-659.637923	
15.280000	59.771438	-660.833217	
15.300000	59.784874	-662.028781	
15.320000	59.798274	-663.224612	
15.340000	59.811639	-664.420712	
15.360000	59.824968	-665.617078	
15.380000	59.838261	-666.813710	
15.400000	59.851519	-668.010608	
15.420000	59.864742	-669.207771	
15.440000	59.877930	-670.405198	
15.460000	59.891084	-671.602888	
15.480000	59.904202	-672.800841	
15.500000	59.917287	-673.999057	
15.520000	59.930336	-675.197533	
15.540000	59.943352	-676.396270	
15.560000	59.956333	-677.595267	
15.580000	59.969281	-678.794523	
15.600000	59.982194	-679.994038	
15.620000	59.995074	-681.193811	
15.640000	60.007921	-682.393841	
15.660000	60.020734	-683.594128	
15.680000	60.033513	-684.794671	
15.700000	60.046260	-685.995468	
15.720000	60.058974	-687.196521	
15.740000	60.071654	-688.397827	
15.760000	60.084302	-689.599387	
15.780000	60.096917	-690.801199	
15.800000	60.109500	-692.003264	
15.820000	60.122051	-693.205580	
15.840000	60.134569	-694.408146	
15.860000	60.147055	-695.610962	
15.880000	60.159509	-696.814028	
15.900000	60.171932	-698.017343	
15.920000	60.184322	-699.220905	
15.940000	60.196682	-700.424716	
15.960000	60.209009	-701.628773	
15.980000	60.221305	-702.833076	
16.000000	60.233570	-704.037625	
16.020000	60.245804	-705.242419	
16.040000	60.258007	-706.447457	
16.060000	60.270180	-707.652739	
16.080000	60.282321	-708.858264	
16.100000	60.294432	-710.064032	
16.120000	60.306512	-711.270041	
16.140000	60.318562	-712.476292	
16.160000	60.330582	-713.682784	
16.180000	60.342571	-714.889516	
16.200000	60.354531	-716.096487	
16.220000	60.366461	-717.303697	
16.240000	60.378360	-718.511145	
16.260000	60.390231	-719.718831	
16.280000	60.402071	-720.926754	
16.300000	60.413882	-722.134914	
16.320000	60.425664	-723.343310	
16.340000	60.437417	-724.551941	
16.360000	60.449140	-725.760806	
16.380000	60.460835	-726.969906	
16.400000	60.472501	-728.179240	
16.420000	60.484137	-729.388806	
16.440000	60.495746	-730.598605	
16.460000	60.507325	-731.808636	
16.480000	60.518877	-733.018898	
16.500000	60.530399	-734.229391	
16.520000	60.541894	-735.440114	
16.540000	60.553361	-736.651067	
16.560000	60.564799	-737.862249	
16.580000	60.576210	-739.073659	
16.600000	60.587592	-740.285297	
16.620000	60.598947	-741.497163	
16.640000	60.610275	-742.709255	
16.660000	60.621575	-743.921574	
16.680000	60.632847	-745.134118	
16.700000	60.644093	-746.346888	
16.720000	60.655311	-747.559882	
16.740000	60.666502	-748.773100	
16.760000	60.677666	-749.986542	
16.780000	60.688803	-751.200207	
16.800000	60.699913	-752.414094	
16.820000	60.710996	-753.628203	
16.840000	60.722053	-754.842534	
16.860000	60.733084	-756.057085	
16.880000	60.744088	-757.271857	
16.900000	60.755066	-758.486849	
16.920000	60.766017	-759.702060	
16.940000	60.776943	-760.917489	
16.960000	60.787842	-762.133137	
16.980000	60.798716	-763.349003	
17.000000	60.809564	-764.565086	
17.020000	60.820385	-765.781386	
17.040000	60.831182	-766.997901	
17.060000	60.841953	-768.214633	
17.080000	60.852698	-769.431580	
17.100000	60.863418	-770.648741	
17.120000	60.874113	-771.866116	
17.140000	60.884782	-773.083705	
17.160000	60.895426	-774.301508	
17.180000	60.906046	-775.519522	
17.200000	60.916640	-776.737749	
17.220000	60.927210	-777.956188	
17.240000	60.937755	-779.174838	
17.260000	60.948275	-780.393698	
17.280000	60.958771	-781.612769	
17.300000	60.969242	-782.832049	
17.320000	60.979689	-784.051539	
17.340000	60.990112	-785.271237	
17.360000	61.000510	-786.491143	
17.380000	61.010884	-787.711257	
17.400000	61.021235	-788.931578	
17.420000	61.031561	-790.152106	
17.440000	61.041863	-791.372841	
17.460000	61.052142	-792.593781	
17.480000	61.062397	-793.814926	
17.500000	61.072628	-795.036277	
17.520000	61.082836	-796.257832	
17.540000	61.093020	-797.479590	
17.560000	61.103181	-798.701552	
17.580000	61.113319	-799.923718	
17.600000	61.123434	-801.146085	
17.620000	61.133525	-802.368655	
17.640000	61.143593	-803.591426	
17.660000	61.153639	-804.814399	
17.680000	61.163661	-806.037572	
17.700000	61.173661	-807.260945	
17.720000	61.183638	-808.484518	
17.740000	61.193592	-809.708291	
17.760000	61.203524	-810.932262	
17.780000	61.213433	-812.156431	
17.800000	61.223320	-813.380799	
17.820000	61.233184	-814.605364	
17.840000	61.243026	-815.830126	
17.860000	61.252846	-817.055085	
17.880000	61.262644	-818.280240	
17.900000	61.272420	-819.505591	
17.920000	61.282174	-820.731137	
17.940000	61.291906	-821.956878	
17.960000	61.301616	-823.182813	
17.980000	61.311305	-824.408943	
18.000000	61.320972	-825.635266	
18.020000	61.330617	-826.861782	
18.040000	61.340241	-828.088490	
18.060000	61.349843	-829.315391	
18.080000	61.359424	-830.542484	
18.100000	61.368983	-831.769768	
18.120000	61.378522	-832.997243	
18.140000	61.388039	-834.224909	
18.160000	61.397535	-835.452765	
18.180000	61.407010	-836.680810	
18.200000	61.416465	-837.909045	
18.220000	61.425898	-839.137469	
18.240000	61.435311	-840.366081	
18.260000	61.444703	-841.594881	
18.280000	61.454074	-842.823869	
18.300000	61.463424	-844.053044	
18.320000	61.472754	-845.282406	
18.340000	61.482064	-846.511955	
18.360000	61.491353	-847.741689	
18.380000	61.500622	-848.971609	
18.400000	61.509871	-850.201714	
18.420000	61.519099	-851.432004	
18.440000	61.528308	-852.662478	
18.460000	61.537496	-853.893136	
18.480000	61.546664	-855.123978	
18.500000	61.555813	-856.355002	
18.520000	61.564941	-857.586210	
18.540000	61.574050	-858.817600	
18.560000	61.583139	-860.049172	
18.580000	61.592208	-861.280926	
18.600000	61.601258	-862.512860	
18.620000	61.610288	-863.744976	
18.640000	61.619299	-864.977272	
18.660000	61.628291	-866.209748	
18.680000	61.637263	-867.442404	
18.700000	61.646215	-868.675238	
18.720000	61.655149	-869.908252	
18.740000	61.664063	-871.141444	
18.760000	61.672959	-872.374815	
18.780000	61.681835	-873.608363	
18.800000	61.690692	-874.842088	
18.820000	61.699531	-876.075990	
18.840000	61.708350	-877.310069	
18.860000	61.717151	-878.544324	
18.880000	61.725933	-879.778755	
18.900000	61.734697	-881.013362	
18.920000	61.743442	-882.248143	
18.940000	61.752168	-883.483099	
18.960000	61.760876	-884.718230	
18.980000	61.769565	-885.953534	
19.000000	61.778236	-887.189013	
19.020000	61.786889	-888.424664	
19.040000	61.795523	-889.660488	
19.060000	61.804139	-890.896485	
19.080000	61.812738	-892.132654	
19.100000	61.821318	-893.368994	
19.120000	61.829880	-894.605506	
19.140000	61.838424	-895.842189	
19.160000	61.846950	-897.079043	
19.180000	61.855458	-898.316067	
19.200000	61.863949	-899.553262	
19.220000	61.872422	-900.790625	
19.240000	61.880877	-902.028158	
19.260000	61.889314	-903.265860	
19.280000	61.897734	-904.503731	
19.300000	61.906137	-905.741770	
19.320000	61.914522	-906.979977	
19.340000	61.922889	-908.218351	
19.360000	61.931239	-909.456892	
19.380000	61.939572	-910.695600	
19.400000	61.947888	-911.934475	
19.420000	61.956187	-913.173516	
19.440000	61.964468	-914.412722	
19.460000	61.972732	-915.652095	
19.480000	61.980980	-916.891632	
19.500000	61.989210	-918.131334	
19.520000	61.997423	-919.371200	
19.540000	62.005620	-920.611231	
19.560000	62.013800	-921.851425	
19.580000	62.021963	-923.091783	
19.600000	62.030109	-924.332303	
19.620000	62.038238	-925.572987	
19.640000	62.046351	-926.813833	
19.660000	62.054448	-928.054841	
19.680000	62.062528	-929.296011	
19.700000	62.070591	-930.537342	
19.720000	62.078638	-931.778835	
19.740000	62.086669	-933.020488	
19.760000	62.094684	-934.262301	
19.780000	62.102682	-935.504275	
19.800000	62.110664	-936.746409	
19.820000	62.118630	-937.988702	
19.840000	62.126579	-939.231154	
19.860000	62.134513	-940.473765	
19.880000	62.142431	-941.716534	
19.900000	62.150332	-942.959462	
19.920000	62.158218	-944.202548	
19.940000	62.166088	-945.445791	
19.960000	62.173942	-946.689191	
19.980000	62.181780	-947.932748	
20.000000	62.189603	-949.176462	
20.020000	62.197410	-950.420333	
20.040000	62.205201	-951.664359	
20.060000	62.212977	-952.908541	
20.080000	62.220737	-954.152878	
20.100000	62.228482	-955.397370	
20.120000	62.236211	-956.642017	
20.140000	62.243925	-957.886819	
20.160000	62.251624	-959.131774	
20.180000	62.259307	-960.376883	
20.200000	62.266975	-961.622146	
20.220000	62.274628	-962.867562	
20.240000	62.282266	-964.113132	
20.260000	62.289888	-965.358853	
20.280000	62.297496	-966.604727	
20.300000	62.305088	-967.850753	
20.320000	62.312666	-969.096931	
20.340000	62.320228	-970.343260	
20.360000	62.327776	-971.589740	
20.380000	62.335309	-972.836371	
20.400000	62.342827	-974.083152	
20.420000	62.350330	-975.330084	
20.440000	62.357819	-976.577165	
20.460000	62.365293	-977.824396	
20.480000	62.372752	-979.071777	
20.500000	62.380196	-980.319307	
20.520000	62.387627	-981.566985	
20.540000	62.395042	-982.814812	
20.560000	62.402443	-984.062787	
20.580000	62.409830	-985.310909	
20.600000	62.417202	-986.559180	
20.620000	62.424560	-987.807597	
20.640000	62.431904	-989.056162	
20.660000	62.439234	-990.304874	
20.680000	62.446549	-991.553731	
20.700000	62.453850	-992.802736	
20.720000	62.461137	-994.051885	
20.740000	62.468410	-995.301181	
20.760000	62.475669	-996.550622	
20.780000	62.482914	-997.800208	
20.800000	62.490145	-999.049938	
20.820000	62.497362	-1000.299814	
20.840000	62.504565	-1001.549833	
20.860000	62.511754	-1002.799996	
20.880000	62.518930	-1004.050303	
20.900000	62.526092	-1005.300753	
20.920000	62.533240	-1006.551347	
20.940000	62.540374	-1007.802083	
20.960000	62.547495	-1009.052962	
20.980000	62.554602	-1010.303983	
21.000000	62.561695	-1011.555146	
21.020000	62.568775	-1012.806451	
21.040000	62.575842	-1014.057897	
21.060000	62.582895	-1015.309484	
21.080000	62.589935	-1016.561213	
21.100000	62.596961	-1017.813082	
21.120000	62.603974	-1019.065091	
21.140000	62.610974	-1020.317241	
21.160000	62.617960	-1021.569530	
21.180000	62.624934	-1022.821959	
21.200000	62.631894	-1024.074527	
21.220000	62.638841	-1025.327235	
21.240000	62.645774	-1026.580081	
21.260000	62.652695	-1027.833066	
21.280000	62.659603	-1029.086189	
21.300000	62.666498	-1030.339450	
21.320000	62.673379	-1031.592849	
21.340000	62.680248	-1032.846385	
21.360000	62.687104	-1034.100059	
21.380000	62.693947	-1035.353869	
21.400000	62.700778	-1036.607817	
21.420000	62.707595	-1037.861900	
21.440000	62.714400	-1039.116120	
21.460000	62.721192	-1040.370476	
21.480000	62.727972	-1041.624968	
21.500000	62.734738	-1042.879595	
21.520000	62.741493	-1044.134358	
21.540000	62.748234	-1045.389255	
21.560000	62.754963	-1046.644287	
21.580000	62.761680	-1047.899453	
21.600000	62.768384	-1049.154754	
21.620000	62.775076	-1050.410189	
21.640000	62.781755	-1051.665757	
21.660000	62.788422	-1052.921459	
21.680000	62.795077	-1054.177294	
21.700000	62.801719	-1055.433262	
21.720000	62.808350	-1056.689363	
21.740000	62.814968	-1057.945596	
21.760000	62.821573	-1059.201962	
21.780000	62.828167	-1060.458459	
21.800000	62.834748	-1061.715088	
21.820000	62.841318	-1062.971849	
21.840000	62.847875	-1064.228741	
21.860000	62.854421	-1065.485764	
21.880000	62.860954	-1066.742918	
21.900000	62.867476	-1068.000202	
21.920000	62.873985	-1069.257617	
21.940000	62.880483	-1070.515161	
21.960000	62.886969	-1071.772836	
21.980000	62.893442	-1073.030640	
22.000000	62.899905	-1074.288574	
22.020000	62.906355	-1075.546636	
22.040000	62.912794	-1076.804828	
22.060000	62.919221	-1078.063148	
22.080000	62.925636	-1079.321597	
22.100000	62.932040	-1080.580174	
22.120000	62.938432	-1081.838878	
22.140000	62.944813	-1083.097711	
22.160000	62.951182	-1084.356671	
22.180000	62.957539	-1085.615758	
22.200000	62.963886	-1086.874972	
22.220000	62.970220	-1088.134314	
22.240000	62.976543	-1089.393781	
22.260000	62.982855	-1090.653375	
22.280000	62.989156	-1091.913096	
22.300000	62.995445	-1093.172942	
22.320000	63.001723	-1094.432913	
22.340000	63.007990	-1095.693010	
22.360000	63.014245	-1096.953233	
22.380000	63.020489	-1098.213580	
22.400000	63.026723	-1099.474052	
22.420000	63.032945	-1100.734649	
22.440000	63.039155	-1101.995370	
22.460000	63.045355	-1103.256215	
22.480000	63.051544	-1104.517184	
22.500000	63.057722	-1105.778277	
22.520000	63.063889	-1107.039493	
22.540000	63.070044	-1108.300833	
22.560000	63.076189	-1109.562295	
22.580000	63.082323	-1110.823880	
22.600000	63.088446	-1112.085588	
22.620000	63.094559	-1113.347418	
22.640000	63.100660	-1114.609370	
22.660000	63.106751	-1115.871445	
22.680000	63.112831	-1117.133640	
22.700000	63.118900	-1118.395958	
22.720000	63.124959	-1119.658396	
22.740000	63.131006	-1120.920956	
22.760000	63.137044	-1122.183637	
22.780000	63.143070	-1123.446438	
22.800000	63.149086	-1124.709360	
22.820000	63.155092	-1125.972401	
22.840000	63.161087	-1127.235563	
22.860000	63.167071	-1128.498845	
22.880000	63.173045	-1129.762246	
22.900000	63.179009	-1131.025767	
22.920000	63.184962	-1132.289406	
22.940000	63.190905	-1133.553165	
22.960000	63.196837	-1134.817043	
22.980000	63.202759	-1136.081039	
23.000000	63.208671	-1137.345153	
23.020000	63.214572	-1138.609385	
23.040000	63.220463	-1139.873736	
23.060000	63.226344	-1141.138204	
23.080000	63.232215	-1142.402790	
23.100000	63.238076	-1143.667493	
23.120000	63.243926	-1144.932313	
23.140000	63.249766	-1146.197250	
23.160000	63.255597	-1147.462303	
23.180000	63.261417	-1148.727473	
23.200000	63.267227	-1149.992760	
23.220000	63.273027	-1151.258162	
23.240000	63.278817	-1152.523681	
23.260000	63.284597	-1153.789315	
23.280000	63.290367	-1155.055065	
23.300000	63.296128	-1156.320930	
23.320000	63.301878	-1157.586910	
23.340000	63.307619	-1158.853005	
23.360000	63.313349	-1160.119215	
23.380000	63.319070	-1161.385539	
23.400000	63.324781	-1162.651978	
23.420000	63.330483	-1163.918530	
23.440000	63.336174	-1165.185197	
23.460000	63.341856	-1166.451977	
23.480000	63.347528	-1167.718871	
23.500000	63.353191	-1168.985878	
23.520000	63.358844	-1170.252999	
23.540000	63.364487	-1171.520232	
23.560000	63.370121	-1172.787578	
23.580000	63.375745	-1174.055037	
23.600000	63.381360	-1175.322608	
23.620000	63.386965	-1176.590291	
23.640000	63.392560	-1177.858087	
23.660000	63.398146	-1179.125994	
23.680000	63.403723	-1180.394012	
23.700000	63.409290	-1181.662143	
23.720000	63.414848	-1182.930384	
23.740000	63.420397	-1184.198737	
23.760000	63.425936	-1185.467200	
23.780000	63.431466	-1186.735774	
23.800000	63.436986	-1188.004459	
23.820000	63.442498	-1189.273253	
23.840000	63.448000	-1190.542158	
23.860000	63.453492	-1191.811173	
23.880000	63.458976	-1193.080298	
23.900000	63.464450	-1194.349532	
23.920000	63.469916	-1195.618876	
23.940000	63.475372	-1196.888329	
23.960000	63.480819	-1198.157891	
23.980000	63.486257	-1199.427562	
24.000000	63.491685	-1200.697341	
24.020000	63.497105	-1201.967229	
24.040000	63.502516	-1203.237226	
24.060000	63.507918	-1204.507330	
24.080000	63.513310	-1205.777542	
24.100000	63.518694	-1207.047862	
24.120000	63.524069	-1208.318290	
24.140000	63.529435	-1209.588825	
24.160000	63.534792	-1210.859467	
24.180000	63.540140	-1212.130217	
24.200000	63.545480	-1213.401073	
24.220000	63.550810	-1214.672036	
24.240000	63.556132	-1215.943105	
24.260000	63.561445	-1217.214281	
24.280000	63.566749	-1218.485563	
24.300000	63.572045	-1219.756951	
24.320000	63.577332	-1221.028445	
24.340000	63.582610	-1222.300045	
24.360000	63.587879	-1223.571749	
24.380000	63.593140	-1224.843560	
24.400000	63.598392	-1226.115475	
24.420000	63.603635	-1227.387495	
24.440000	63.608870	-1228.659620	
24.460000	63.614097	-1229.931850	
24.480000	63.619314	-1231.204184	
24.500000	63.624524	-1232.476623	
24.520000	63.629725	-1233.749165	
24.540000	63.634917	-1235.021812	
24.560000	63.640101	-1236.294562	
24.580000	63.645276	-1237.567416	
24.600000	63.650443	-1238.840373	
24.620000	63.655602	-1240.113433	
24.640000	63.660752	-1241.386597	
24.660000	63.665894	-1242.659864	
24.680000	63.671027	-1243.933233	
24.700000	63.676153	-1245.206705	
24.720000	63.681269	-1246.480279	
24.740000	63.686378	-1247.753955	
24.760000	63.691478	-1249.027734	
24.780000	63.696571	-1250.301615	
24.800000	63.701654	-1251.575597	
24.820000	63.706730	-1252.849681	
24.840000	63.711798	-1254.123866	
24.860000	63.716857	-1255.398153	
24.880000	63.721908	-1256.672540	
24.900000	63.726951	-1257.947029	
24.920000	63.731986	-1259.221618	
24.940000	63.737013	-1260.496308	
24.960000	63.742032	-1261.771099	
24.980000	63.747043	-1263.045990	
