0.020000	0.085438	-139.481235	
0.040000	0.170874	-139.483798	
0.060000	0.256304	-139.488069	
0.080000	0.341727	-139.494050	
0.100000	0.427140	-139.501739	
0.120000	0.512540	-139.511135	
0.140000	0.597924	-139.522240	
0.160000	0.683291	-139.535052	
0.180000	0.768637	-139.549572	
0.200000	0.853960	-139.565798	
0.220000	0.939257	-139.583730	
0.240000	1.024526	-139.603368	
0.260000	1.109765	-139.624711	
0.280000	1.194970	-139.647759	
0.300000	1.280139	-139.672510	
0.320000	1.365270	-139.698964	
0.340000	1.450360	-139.727121	
0.360000	1.535406	-139.756979	
0.380000	1.620406	-139.788537	
0.400000	1.705357	-139.821795	
0.420000	1.790257	-139.856751	
0.440000	1.875103	-139.893405	
0.460000	1.959893	-139.931756	
0.480000	2.044624	-139.971801	
0.500000	2.129293	-140.013540	
0.520000	2.213899	-140.056973	
0.540000	2.298437	-140.102096	
0.560000	2.382906	-140.148910	
0.580000	2.467304	-140.197413	
0.600000	2.551627	-140.247602	
0.620000	2.635874	-140.299478	
0.640000	2.720040	-140.353037	
0.660000	2.804125	-140.408279	
0.680000	2.888126	-140.465202	
0.700000	2.972039	-140.523804	
0.720000	3.055863	-140.584084	
0.740000	3.139594	-140.646039	
0.760000	3.223231	-140.709668	
0.780000	3.306771	-140.774968	
0.800000	3.390211	-140.841938	
0.820000	3.473548	-140.910577	
0.840000	3.556782	-140.980880	
0.860000	3.639907	-141.052848	
0.880000	3.722924	-141.126477	
0.900000	3.805828	-141.201765	
0.920000	3.888617	-141.278710	
0.940000	3.971290	-141.357309	
0.960000	4.053842	-141.437561	
0.980000	4.136273	-141.519463	
1.000000	4.218580	-141.603012	
1.020000	4.300760	-141.688206	
1.040000	4.382810	-141.775043	
1.060000	4.464730	-141.863519	
1.080000	4.546515	-141.953632	
1.100000	4.628164	-142.045379	
1.120000	4.709674	-142.138758	
1.140000	4.791044	-142.233766	
1.160000	4.872270	-142.330400	
1.180000	4.953351	-142.428657	
1.200000	5.034284	-142.528534	
1.220000	5.115067	-142.630029	
1.240000	5.195698	-142.733137	
1.260000	5.276175	-142.837856	
1.280000	5.356495	-142.944184	
1.300000	5.436656	-143.052116	
1.320000	5.516657	-143.161650	
1.340000	5.596494	-143.272783	
1.360000	5.676167	-143.385510	
1.380000	5.755672	-143.499829	
1.400000	5.835008	-143.615737	
1.420000	5.914174	-143.733230	
1.440000	5.993166	-143.852304	
1.460000	6.071982	-143.972956	
1.480000	6.150622	-144.095183	
1.500000	6.229083	-144.218981	
1.520000	6.307363	-144.344346	
1.540000	6.385461	-144.471276	
1.560000	6.463374	-144.599765	
1.580000	6.541101	-144.729811	
1.600000	6.618640	-144.861409	
1.620000	6.695989	-144.994556	
1.640000	6.773147	-145.129248	
1.660000	6.850112	-145.265482	
1.680000	6.926882	-145.403253	
1.700000	7.003456	-145.542557	
1.720000	7.079832	-145.683391	
1.740000	7.156009	-145.825751	
1.760000	7.231984	-145.969632	
1.780000	7.307758	-146.115030	
1.800000	7.383328	-146.261942	
1.820000	7.458692	-146.410363	
1.840000	7.533851	-146.560290	
1.860000	7.608801	-146.711717	
1.880000	7.683542	-146.864642	
1.900000	7.758073	-147.019059	
1.920000	7.832392	-147.174964	
1.940000	7.906499	-147.332354	
1.960000	7.980391	-147.491224	
1.980000	8.054069	-147.651570	
2.000000	8.127530	-147.813387	
2.020000	8.200774	-147.976671	
2.040000	8.273800	-148.141418	
2.060000	8.346607	-148.307623	
2.080000	8.419194	-148.475282	
2.100000	8.491560	-148.644391	
2.120000	8.563703	-148.814945	
2.140000	8.635624	-148.986939	
2.160000	8.707322	-149.160370	
2.180000	8.778795	-149.335232	
2.200000	8.850043	-149.511522	
2.220000	8.921065	-149.689234	
2.240000	8.991861	-149.868364	
2.260000	9.062430	-150.048908	
2.280000	9.132771	-150.230861	
2.300000	9.202884	-150.414219	
2.320000	9.272768	-150.598977	
2.340000	9.342422	-150.785130	
2.360000	9.411847	-150.972674	
2.380000	9.481042	-151.161604	
2.400000	9.550006	-151.351915	
2.420000	9.618739	-151.543604	
2.440000	9.687240	-151.736665	
2.460000	9.755510	-151.931094	
2.480000	9.823548	-152.126885	
2.500000	9.891354	-152.324036	
2.520000	9.958927	-152.522539	
2.540000	10.026268	-152.722393	
2.560000	10.093376	-152.923590	
2.580000	10.160251	-153.126128	
2.600000	10.226893	-153.330000	
2.620000	10.293301	-153.535203	
2.640000	10.359477	-153.741732	
2.660000	10.425419	-153.949582	
2.680000	10.491128	-154.158749	
2.700000	10.556604	-154.369228	
2.720000	10.621846	-154.581013	
2.740000	10.686856	-154.794101	
2.760000	10.751633	-155.008487	
2.780000	10.816176	-155.224167	
2.800000	10.880488	-155.441134	
2.820000	10.944566	-155.659386	
2.840000	11.008413	-155.878917	
2.860000	11.072027	-156.099723	
2.880000	11.135410	-156.321798	
2.900000	11.198561	-156.545139	
2.920000	11.261481	-156.769741	
2.940000	11.324170	-156.995598	
2.960000	11.386629	-157.222707	
2.980000	11.448858	-157.451063	
3.000000	11.510856	-157.680662	
3.020000	11.572626	-157.911498	
3.040000	11.634167	-158.143567	
3.060000	11.695479	-158.376864	
3.080000	11.756564	-158.611386	
3.100000	11.817421	-158.847127	
3.120000	11.878051	-159.084083	
3.140000	11.938455	-159.322249	
3.160000	11.998633	-159.561621	
3.180000	12.058586	-159.802194	
3.200000	12.118315	-160.043964	
3.220000	12.177820	-160.286927	
3.240000	12.237101	-160.531077	
3.260000	12.296161	-160.776411	
3.280000	12.354998	-161.022924	
3.300000	12.413614	-161.270611	
3.320000	12.472010	-161.519468	
3.340000	12.530186	-161.769491	
3.360000	12.588144	-162.020676	
3.380000	12.645884	-162.273017	
3.400000	12.703406	-162.526511	
3.420000	12.760712	-162.781153	
3.440000	12.817803	-163.036940	
3.460000	12.874679	-163.293865	
3.480000	12.931342	-163.551927	
3.500000	12.987792	-163.811119	
3.520000	13.044030	-164.071438	
3.540000	13.100058	-164.332880	
3.560000	13.155876	-164.595441	
3.580000	13.211485	-164.859115	
3.600000	13.266887	-165.123900	
3.620000	13.322082	-165.389791	
3.640000	13.377071	-165.656783	
3.660000	13.431857	-165.924874	
3.680000	13.486439	-166.194058	
3.700000	13.540820	-166.464331	
3.720000	13.595000	-166.735690	
3.740000	13.648980	-167.008131	
3.760000	13.702762	-167.281650	
3.780000	13.756348	-167.556242	
3.800000	13.809738	-167.831904	
3.820000	13.862933	-168.108631	
3.840000	13.915936	-168.386421	
3.860000	13.968748	-168.665269	
3.880000	14.021370	-168.945171	
3.900000	14.073804	-169.226123	
3.920000	14.126051	-169.508123	
3.940000	14.178114	-169.791166	
3.960000	14.229992	-170.075247	
3.980000	14.281689	-170.360365	
4.000000	14.333206	-170.646515	
4.020000	14.384545	-170.933693	
4.040000	14.435708	-171.221897	
4.060000	14.486697	-171.511122	
4.080000	14.537512	-171.801365	
4.100000	14.588158	-172.092622	
4.120000	14.638635	-172.384891	
4.140000	14.688947	-172.678168	
4.160000	14.739094	-172.972449	
4.180000	14.789080	-173.267731	
4.200000	14.838906	-173.564012	
4.220000	14.888576	-173.861288	
4.240000	14.938092	-174.159555	
4.260000	14.987457	-174.458811	
4.280000	15.036672	-174.759053	
4.300000	15.085742	-175.060278	
4.320000	15.134669	-175.362483	
4.340000	15.183457	-175.665665	
4.360000	15.232107	-175.969821	
4.380000	15.280625	-176.274949	
4.400000	15.329012	-176.581046	
4.420000	15.377274	-176.888110	
4.440000	15.425413	-177.196137	
4.460000	15.473434	-177.505126	
4.480000	15.521340	-177.815075	
4.500000	15.569136	-178.125980	
4.520000	15.616827	-178.437840	
4.540000	15.664416	-178.750653	
4.560000	15.711910	-179.064417	
4.580000	15.759312	-179.379129	
4.600000	15.806629	-179.694789	
4.620000	15.853866	-180.011395	
4.640000	15.901029	-180.328944	
4.660000	15.948123	-180.647436	
4.680000	15.995156	-180.966869	
4.700000	16.042134	-181.287242	
4.720000	16.089065	-181.608554	
4.740000	16.135955	-181.930805	
4.760000	16.182813	-182.253992	
4.780000	16.229647	-182.578117	
4.800000	16.276465	-182.903178	
4.820000	16.323276	-183.229176	
4.840000	16.370091	-183.556109	
4.860000	16.416919	-183.883979	
4.880000	16.463771	-184.212786	
4.900000	16.510659	-184.542530	
4.920000	16.557593	-184.873212	
4.940000	16.604586	-185.204834	
4.960000	16.651652	-185.537396	
4.980000	16.698804	-185.870900	
5.000000	16.746057	-186.205348	
5.020000	16.793426	-186.540742	
5.040000	16.840927	-186.877085	
5.060000	16.888578	-187.214379	
5.080000	16.936397	-187.552628	
5.100000	16.984402	-187.891835	
5.120000	17.032614	-188.232004	
5.140000	17.081054	-188.573140	
5.160000	17.129745	-188.915246	
5.180000	17.178710	-189.258330	
5.200000	17.227975	-189.602395	
5.220000	17.277565	-189.947449	
5.240000	17.327509	-190.293497	
5.260000	17.377836	-190.640549	
5.280000	17.428577	-190.988611	
5.300000	17.479765	-191.337692	
5.320000	17.531436	-191.687801	
5.340000	17.583625	-192.038949	
5.360000	17.636371	-192.391146	
5.380000	17.689716	-192.744404	
5.400000	17.743702	-193.098735	
5.420000	17.798374	-193.454152	
5.440000	17.853781	-193.810670	
5.460000	17.909973	-194.168304	
5.480000	17.967004	-194.527069	
5.500000	18.024929	-194.886984	
5.520000	18.083808	-195.248066	
5.540000	18.143703	-195.610336	
5.560000	18.204680	-195.973814	
5.580000	18.266807	-196.338523	
5.600000	18.330156	-196.704487	
5.620000	18.394804	-197.071729	
5.640000	18.460831	-197.440279	
5.660000	18.528319	-197.810163	
5.680000	18.597358	-198.181411	
5.700000	18.668038	-198.554057	
5.720000	18.740455	-198.928133	
5.740000	18.814711	-199.303675	
5.760000	18.890909	-199.680721	
5.780000	18.969160	-200.059312	
5.800000	19.049575	-200.439488	
5.820000	19.132275	-200.821295	
5.840000	19.217380	-201.204779	
5.860000	19.305019	-201.589990	
5.880000	19.395323	-201.976980	
5.900000	19.488426	-202.365803	
5.920000	19.584471	-202.756517	
5.940000	19.683598	-203.149182	
5.960000	19.785957	-203.543861	
5.980000	19.891697	-203.940620	
6.000000	20.000972	-204.339528	
6.020000	20.113938	-204.740659	
6.040000	20.230752	-205.144086	
6.060000	20.351573	-205.549889	
6.080000	20.476561	-205.958149	
6.100000	20.605875	-206.368951	
6.120000	20.739672	-206.782384	
6.140000	20.878110	-207.198538	
6.160000	21.021342	-207.617508	
6.180000	21.169514	-208.039392	
6.200000	21.322772	-208.464289	
6.220000	21.481250	-208.892303	
6.240000	21.645076	-209.323539	
6.260000	21.814368	-209.758106	
6.280000	21.989233	-210.196114	
6.300000	22.169764	-210.637675	
6.320000	22.356039	-211.082904	
6.340000	22.548121	-211.531917	
6.360000	22.746055	-211.984829	
6.380000	22.949865	-212.441759	
6.400000	23.159556	-212.902824	
6.420000	23.375109	-213.368141	
6.440000	23.596482	-213.837828	
6.460000	23.823610	-214.312000	
6.480000	24.056398	-214.790772	
6.500000	24.294730	-215.274256	
6.520000	24.538459	-215.762562	
6.540000	24.787413	-216.255795	
6.560000	25.041394	-216.754058	
6.580000	25.300177	-217.257450	
6.600000	25.563512	-217.766065	
6.620000	25.831125	-218.279991	
6.640000	26.102721	-218.799310	
6.660000	26.377983	-219.324100	
6.680000	26.656576	-219.854429	
6.700000	26.938150	-220.390363	
6.720000	27.222343	-220.931955	
6.740000	27.508783	-221.479256	
6.760000	27.797091	-222.032307	
6.780000	28.086885	-222.591140	
6.800000	28.377783	-223.155782	
6.820000	28.669408	-223.726251	
6.840000	28.961390	-224.302558	
6.860000	29.253368	-224.884707	
6.880000	29.544995	-225.472693	
6.900000	29.835941	-226.066507	
6.920000	30.125894	-226.666131	
6.940000	30.414563	-227.271543	
6.960000	30.701680	-227.882713	
6.980000	30.987004	-228.499610	
7.000000	31.270316	-229.122193	
7.020000	31.551426	-229.750422	
7.040000	31.830171	-230.384251	
7.060000	32.106416	-231.023629	
7.080000	32.380052	-231.668507	
7.100000	32.650995	-232.318831	
7.120000	32.919191	-232.974547	
7.140000	33.184606	-233.635599	
7.160000	33.447232	-234.301931	
7.180000	33.707081	-234.973488	
7.200000	33.964187	-235.650214	
7.220000	34.218599	-236.332056	
7.240000	34.470385	-237.018958	
7.260000	34.719624	-237.710871	
7.280000	34.966411	-238.407743	
7.300000	35.210847	-239.109527	
7.320000	35.453043	-239.816177	
7.340000	35.693115	-240.527649	
7.360000	35.931184	-241.243902	
7.380000	36.167370	-241.964897	
7.400000	36.401797	-242.690597	
7.420000	36.634585	-243.420968	
7.440000	36.865851	-244.155980	
7.460000	37.095708	-244.895602	
7.480000	37.324264	-245.639808	
7.500000	37.551617	-246.388573	
7.520000	37.777860	-247.141873	
7.540000	38.003074	-247.899687	
7.560000	38.227333	-248.661996	
7.580000	38.450698	-249.428781	
7.600000	38.673219	-250.200024	
7.620000	38.894936	-250.975709	
7.640000	39.115876	-251.755821	
7.660000	39.336055	-252.540345	
7.680000	39.555478	-253.329264	
7.700000	39.774135	-254.122564	
7.720000	39.992009	-254.920229	
7.740000	40.209068	-255.722244	
7.760000	40.425273	-256.528592	
7.780000	40.640573	-257.339255	
7.800000	40.854908	-258.154215	
7.820000	41.068211	-258.973451	
7.840000	41.280404	-259.796943	
7.860000	41.491406	-260.624667	
7.880000	41.701128	-261.456599	
7.900000	41.909476	-262.292712	
7.920000	42.116353	-263.132978	
7.940000	42.321658	-263.977367	
7.960000	42.525289	-264.825845	
7.980000	42.727142	-265.678378	
8.000000	42.927114	-266.534930	
8.020000	43.125101	-267.395463	
8.040000	43.321003	-268.259934	
8.060000	43.514720	-269.128303	
8.080000	43.706158	-270.000523	
8.100000	43.895224	-270.876549	
8.120000	44.081833	-271.756332	
8.140000	44.265902	-272.639822	
8.160000	44.447356	-273.526968	
8.180000	44.626124	-274.417717	
8.200000	44.802144	-275.312013	
8.220000	44.975358	-276.209802	
8.240000	45.145717	-277.111028	
8.260000	45.313179	-278.015631	
8.280000	45.477707	-278.923555	
8.300000	45.639273	-279.834739	
8.320000	45.797855	-280.749126	
8.340000	45.953440	-281.666654	
8.360000	46.106020	-282.587263	
8.380000	46.255592	-283.510894	
8.400000	46.402163	-284.437487	
8.420000	46.545744	-285.366981	
8.440000	46.686351	-286.299317	
8.460000	46.824007	-287.234435	
8.480000	46.958739	-288.172277	
8.500000	47.090578	-289.112784	
8.520000	47.219563	-290.055900	
8.540000	47.345732	-291.001567	
8.560000	47.469130	-291.949729	
8.580000	47.589803	-292.900332	
8.600000	47.707803	-293.853321	
8.620000	47.823180	-294.808644	
8.640000	47.935991	-295.766249	
8.660000	48.046292	-296.726084	
8.680000	48.154140	-297.688100	
8.700000	48.259596	-298.652250	
8.720000	48.362719	-299.618484	
8.740000	48.463570	-300.586758	
8.760000	48.562211	-301.557027	
8.780000	48.658704	-302.529247	
8.800000	48.753110	-303.503375	
8.820000	48.845490	-304.479371	
8.840000	48.935907	-305.457195	
8.860000	49.024420	-306.436807	
8.880000	49.111089	-307.418172	
8.900000	49.195973	-308.401251	
8.920000	49.279132	-309.386011	
8.940000	49.360621	-310.372416	
8.960000	49.440497	-311.360435	
8.980000	49.518816	-312.350036	
9.000000	49.595630	-313.341188	
9.020000	49.670993	-314.333861	
9.040000	49.744954	-315.328028	
9.060000	49.817565	-316.323660	
9.080000	49.888873	-317.320730	
9.100000	49.958926	-318.319214	
9.120000	50.027768	-319.319087	
9.140000	50.095445	-320.320325	
9.160000	50.161998	-321.322905	
9.180000	50.227469	-322.326805	
9.200000	50.291898	-323.332004	
9.220000	50.355324	-324.338481	
9.240000	50.417783	-325.346217	
9.260000	50.479311	-326.355192	
9.280000	50.539943	-327.365389	
9.300000	50.599712	-328.376790	
9.320000	50.658650	-329.389378	
9.340000	50.716787	-330.403136	
9.360000	50.774153	-331.418049	
9.380000	50.830777	-332.434102	
9.400000	50.886685	-333.451280	
9.420000	50.941904	-334.469570	
9.440000	50.996459	-335.488956	
9.460000	51.050373	-336.509428	
9.480000	51.103669	-337.530971	
9.500000	51.156370	-338.553575	
9.520000	51.208497	-339.577226	
9.540000	51.260069	-340.601915	
9.560000	51.311107	-341.627629	
9.580000	51.361628	-342.654359	
9.600000	51.411650	-343.682094	
9.620000	51.461190	-344.710825	
9.640000	51.510265	-345.740542	
9.660000	51.558889	-346.771235	
9.680000	51.607078	-347.802897	
9.700000	51.654845	-348.835519	
9.720000	51.702204	-349.869091	
9.740000	51.749168	-350.903607	
9.760000	51.795749	-351.939058	
9.780000	51.841959	-352.975437	
9.800000	51.887809	-354.012736	
9.820000	51.933310	-355.050949	
9.840000	51.978473	-356.090069	
9.860000	52.023305	-357.130088	
9.880000	52.067819	-358.171001	
9.900000	52.112021	-359.212801	
9.920000	52.155921	-360.255482	
9.940000	52.199526	-361.299038	
9.960000	52.242845	-362.343463	
9.980000	52.285885	-363.388751	
10.000000	52.328653	-364.434898	
10.020000	52.371156	-365.481897	
10.040000	52.413399	-366.529744	
10.060000	52.455390	-367.578433	
10.080000	52.497135	-368.627960	
10.100000	52.538638	-369.678319	
10.120000	52.579906	-370.729505	
10.140000	52.620943	-371.781515	
10.160000	52.661754	-372.834343	
10.180000	52.702344	-373.887985	
10.200000	52.742718	-374.942437	
10.220000	52.782880	-375.997694	
10.240000	52.822834	-377.053752	
10.260000	52.862584	-378.110607	
10.280000	52.902133	-379.168255	
10.300000	52.941486	-380.226693	
10.320000	52.980645	-381.285915	
10.340000	53.019615	-382.345918	
10.360000	53.058398	-383.406699	
10.380000	53.096997	-384.468254	
10.400000	53.135415	-385.530579	
10.420000	53.173656	-386.593671	
10.440000	53.211721	-387.657526	
10.460000	53.249613	-388.722140	
10.480000	53.287336	-389.787510	
10.500000	53.324890	-390.853633	
10.520000	53.362279	-391.920506	
10.540000	53.399505	-392.988124	
10.560000	53.436569	-394.056486	
10.580000	53.473475	-395.125587	
10.600000	53.510223	-396.195425	
10.620000	53.546816	-397.265996	
10.640000	53.583255	-398.337298	
10.660000	53.619542	-399.409326	
10.680000	53.655680	-400.482079	
10.700000	53.691669	-401.555553	
10.720000	53.727511	-402.629746	
10.740000	53.763208	-403.704654	
10.760000	53.798761	-404.780274	
10.780000	53.834172	-405.856604	
10.800000	53.869441	-406.933641	
10.820000	53.904571	-408.011382	
10.840000	53.939563	-409.089824	
10.860000	53.974417	-410.168965	
10.880000	54.009135	-411.248801	
10.900000	54.043719	-412.329330	
10.920000	54.078168	-413.410549	
10.940000	54.112486	-414.492457	
10.960000	54.146672	-415.575049	
10.980000	54.180727	-416.658324	
11.000000	54.214653	-417.742278	
11.020000	54.248450	-418.826910	
11.040000	54.282120	-419.912216	
11.060000	54.315664	-420.998194	
11.080000	54.349082	-422.084843	
11.100000	54.382375	-423.172158	
11.120000	54.415544	-424.260138	
11.140000	54.448590	-425.348779	
11.160000	54.481514	-426.438081	
11.180000	54.514317	-427.528040	
11.200000	54.546999	-428.618654	
11.220000	54.579561	-429.709920	
11.240000	54.612004	-430.801836	
11.260000	54.644329	-431.894400	
11.280000	54.676536	-432.987609	
11.300000	54.708626	-434.081462	
11.320000	54.740600	-435.175954	
11.340000	54.772458	-436.271086	
11.360000	54.804201	-437.366853	
11.380000	54.835831	-438.463254	
11.400000	54.867346	-439.560286	
11.420000	54.898749	-440.657947	
11.440000	54.930039	-441.756236	
11.460000	54.961218	-442.855149	
11.480000	54.992285	-443.954685	
11.500000	55.023242	-445.054840	
11.520000	55.054089	-446.155614	
11.540000	55.084826	-447.257004	
11.560000	55.115455	-448.359007	
11.580000	55.145975	-449.461622	
11.600000	55.176388	-450.564846	
11.620000	55.206693	-451.668678	
11.640000	55.236892	-452.773114	
11.660000	55.266985	-453.878153	
11.680000	55.296971	-454.983793	
11.700000	55.326853	-456.090032	
11.720000	55.356630	-457.196868	
11.740000	55.386303	-458.304297	
11.760000	55.415872	-459.412320	
11.780000	55.445338	-460.520932	
11.800000	55.474702	-461.630133	
11.820000	55.503963	-462.739920	
11.840000	55.533122	-463.850292	
11.860000	55.562180	-464.961245	
11.880000	55.591137	-466.072779	
11.900000	55.619994	-467.184891	
11.920000	55.648750	-468.297579	
11.940000	55.677407	-469.410841	
11.960000	55.705965	-470.524675	
11.980000	55.734425	-471.639079	
12.000000	55.762786	-472.754052	
12.020000	55.791049	-473.869591	
12.040000	55.819215	-474.985694	
12.060000	55.847284	-476.102359	
12.080000	55.875256	-477.219585	
12.100000	55.903132	-478.337370	
12.120000	55.930913	-479.455711	
12.140000	55.958598	-480.574606	
12.160000	55.986188	-481.694055	
12.180000	56.013683	-482.814054	
12.200000	56.041084	-483.934602	
12.220000	56.068392	-485.055697	
12.240000	56.095606	-486.177337	
12.260000	56.122726	-487.299521	
12.280000	56.149755	-488.422247	
12.300000	56.176690	-489.545511	
12.320000	56.203534	-490.669314	
12.340000	56.230287	-491.793653	
12.360000	56.256948	-492.918526	
12.380000	56.283518	-494.043931	
12.400000	56.309998	-495.169866	
12.420000	56.336388	-496.296331	
12.440000	56.362688	-497.423322	
12.460000	56.388898	-498.550838	
12.480000	56.415020	-499.678878	
12.500000	56.441053	-500.807439	
12.520000	56.466997	-501.936520	
12.540000	56.492853	-503.066119	
12.560000	56.518622	-504.196234	
12.580000	56.544303	-505.326864	
12.600000	56.569898	-506.458006	
12.620000	56.595405	-507.589660	
12.640000	56.620826	-508.721822	
12.660000	56.646162	-509.854493	
12.680000	56.671411	-510.987669	
12.700000	56.696575	-512.121349	
12.720000	56.721655	-513.255532	
12.740000	56.746649	-514.390215	
12.760000	56.771559	-515.525398	
12.780000	56.796385	-516.661078	
12.800000	56.821127	-517.797253	
12.820000	56.845786	-518.933923	
12.840000	56.870361	-520.071085	
12.860000	56.894854	-521.208737	
12.880000	56.919264	-522.346879	
12.900000	56.943592	-523.485508	
12.920000	56.967838	-524.624623	
12.940000	56.992003	-525.764221	
12.960000	57.016086	-526.904303	
12.980000	57.040088	-528.044865	
13.000000	57.064010	-529.185906	
13.020000	57.087851	-530.327425	
13.040000	57.111612	-531.469420	
13.060000	57.135294	-532.611890	
13.080000	57.158896	-533.754832	
13.100000	57.182418	-534.898246	
13.120000	57.205862	-536.042129	
13.140000	57.229227	-537.186480	
13.160000	57.252514	-538.331298	
13.180000	57.275723	-539.476581	
13.200000	57.298854	-540.622327	
13.220000	57.321907	-541.768535	
13.240000	57.344884	-542.915203	
13.260000	57.367783	-544.062330	
13.280000	57.390606	-545.209914	
13.300000	57.413353	-546.357954	
13.320000	57.436023	-547.506448	
13.340000	57.458618	-548.655395	
13.360000	57.481137	-549.804793	
13.380000	57.503581	-550.954641	
13.400000	57.525950	-552.104936	
13.420000	57.548245	-553.255679	
13.440000	57.570465	-554.406866	
13.460000	57.592611	-555.558497	
13.480000	57.614683	-556.710571	
13.500000	57.636681	-557.863085	
13.520000	57.658607	-559.016038	
13.540000	57.680459	-560.169429	
13.560000	57.702238	-561.323256	
13.580000	57.723945	-562.477518	
13.600000	57.745580	-563.632214	
13.620000	57.767143	-564.787342	
13.640000	57.788634	-565.942900	
13.660000	57.810053	-567.098887	
13.680000	57.831402	-568.255302	
13.700000	57.852679	-569.412143	
13.720000	57.873886	-570.569409	
13.740000	57.895022	-571.727099	
13.760000	57.916089	-572.885210	
13.780000	57.937085	-574.043742	
13.800000	57.958012	-575.202693	
13.820000	57.978869	-576.362063	
13.840000	57.999657	-577.521848	
13.860000	58.020377	-578.682049	
13.880000	58.041027	-579.842663	
13.900000	58.061610	-581.003690	
13.920000	58.082124	-582.165128	
13.940000	58.102570	-583.326975	
13.960000	58.122949	-584.489230	
13.980000	58.143261	-585.651893	
14.000000	58.163505	-586.814961	
14.020000	58.183683	-587.978433	
14.040000	58.203793	-589.142308	
14.060000	58.223838	-590.306585	
14.080000	58.243816	-591.471262	
14.100000	58.263729	-592.636337	
14.120000	58.283576	-593.801811	
14.140000	58.303357	-594.967680	
14.160000	58.323073	-596.133945	
14.180000	58.342725	-597.300603	
14.200000	58.362311	-598.467654	
14.220000	58.381834	-599.635096	
14.240000	58.401292	-600.802927	
14.260000	58.420686	-601.971148	
14.280000	58.440016	-603.139755	
14.300000	58.459283	-604.308748	
14.320000	58.478487	-605.478126	
14.340000	58.497628	-606.647888	
14.360000	58.516705	-607.818031	
14.380000	58.535721	-608.988556	
14.400000	58.554674	-610.159460	
14.420000	58.573565	-611.330743	
14.440000	58.592394	-612.502403	
14.460000	58.611162	-613.674439	
14.480000	58.629868	-614.846849	
14.500000	58.648513	-616.019633	
14.520000	58.667097	-617.192790	
14.540000	58.685620	-618.366317	
14.560000	58.704083	-619.540214	
14.580000	58.722486	-620.714480	
14.600000	58.740829	-621.889114	
14.620000	58.759111	-623.064114	
14.640000	58.777335	-624.239478	
14.660000	58.795499	-625.415207	
14.680000	58.813604	-626.591298	
14.700000	58.831650	-627.767751	
14.720000	58.849637	-628.944564	
14.740000	58.867566	-630.121737	
14.760000	58.885437	-631.299267	
14.780000	58.903249	-632.477154	
14.800000	58.921004	-633.655397	
14.820000	58.938702	-634.833994	
14.840000	58.956342	-636.012945	
14.860000	58.973925	-637.192248	
14.880000	58.991451	-638.371902	
14.900000	59.008920	-639.551906	
14.920000	59.026333	-640.732259	
14.940000	59.043690	-641.912959	
14.960000	59.060990	-643.094006	
14.980000	59.078235	-644.275399	
15.000000	59.095424	-645.457136	
15.020000	59.112558	-646.639216	
15.040000	59.129636	-647.821638	
15.060000	59.146660	-649.004401	
15.080000	59.163629	-650.187505	
15.100000	59.180543	-651.370947	
15.120000	59.197403	-652.554726	
15.140000	59.214209	-653.738843	
15.160000	59.230961	-654.923295	
15.180000	59.247659	-656.108081	
15.200000	59.264304	-657.293201	
15.220000	59.280895	-658.478653	
15.240000	59.297433	-659.664437	
15.260000	59.313919	-660.850551	
15.280000	59.330352	-662.036994	
15.300000	59.346732	-663.223765	
15.320000	59.363060	-664.410863	
15.340000	59.379336	-665.598287	
15.360000	59.395560	-666.786036	
15.380000	59.411732	-667.974109	
15.400000	59.427853	-669.162506	
15.420000	59.443923	-670.351224	
15.440000	59.459942	-671.540262	
15.460000	59.475909	-672.729621	
15.480000	59.491827	-673.919299	
15.500000	59.507693	-675.109294	
15.520000	59.523510	-676.299607	
15.540000	59.539276	-677.490235	
15.560000	59.554992	-678.681178	
15.580000	59.570659	-679.872434	
15.600000	59.586276	-681.064004	
15.620000	59.601845	-682.255885	
15.640000	59.617363	-683.448078	
15.660000	59.632834	-684.640580	
15.680000	59.648255	-685.833391	
15.700000	59.663628	-687.026510	
15.720000	59.678952	-688.219936	
15.740000	59.694229	-689.413668	
15.760000	59.709457	-690.607705	
15.780000	59.724638	-691.802047	
15.800000	59.739771	-692.996691	
15.820000	59.754857	-694.191637	
15.840000	59.769896	-695.386885	
15.860000	59.784887	-696.582433	
15.880000	59.799832	-697.778281	
15.900000	59.814730	-698.974426	
15.920000	59.829582	-700.170870	
15.940000	59.844388	-701.367610	
15.960000	59.859147	-702.564645	
15.980000	59.873861	-703.761976	
16.000000	59.888529	-704.959600	
16.020000	59.903151	-706.157517	
16.040000	59.917728	-707.355726	
16.060000	59.932260	-708.554226	
16.080000	59.946747	-709.753016	
16.100000	59.961189	-710.952096	
16.120000	59.975587	-712.151464	
16.140000	59.989940	-713.351119	
16.160000	60.004249	-714.551061	
16.180000	60.018514	-715.751289	
16.200000	60.032735	-716.951802	
16.220000	60.046912	-718.152599	
16.240000	60.061046	-719.353678	
16.260000	60.075136	-720.555040	
16.280000	60.089183	-721.756684	
16.300000	60.103187	-722.958608	
16.320000	60.117148	-724.160811	
16.340000	60.131067	-725.363294	
16.360000	60.144943	-726.566054	
16.380000	60.158777	-727.769091	
16.400000	60.172569	-728.972405	
16.420000	60.186318	-730.175994	
16.440000	60.200026	-731.379858	
16.460000	60.213692	-732.583995	
16.480000	60.227317	-733.788405	
16.500000	60.240901	-734.993088	
16.520000	60.254443	-736.198042	
16.540000	60.267944	-737.403266	
16.560000	60.281405	-738.608759	
16.580000	60.294825	-739.814522	
16.600000	60.308204	-741.020552	
16.620000	60.321543	-742.226850	
16.640000	60.334842	-743.433414	
16.660000	60.348101	-744.640244	
16.680000	60.361320	-745.847338	
16.700000	60.374500	-747.054696	
16.720000	60.387640	-748.262318	
16.740000	60.400741	-749.470202	
16.760000	60.413802	-750.678348	
16.780000	60.426825	-751.886754	
16.800000	60.439808	-753.095421	
16.820000	60.452753	-754.304346	
16.840000	60.465660	-755.513531	
16.860000	60.478528	-756.722973	
16.880000	60.491358	-757.932672	
16.900000	60.504150	-759.142627	
16.920000	60.516903	-760.352838	
16.940000	60.529620	-761.563303	
16.960000	60.542298	-762.774023	
16.980000	60.554939	-763.984995	
17.000000	60.567543	-765.196220	
17.020000	60.580110	-766.407697	
17.040000	60.592639	-767.619425	
17.060000	60.605132	-768.831403	
17.080000	60.617588	-770.043630	
17.100000	60.630008	-771.256106	
17.120000	60.642391	-772.468830	
17.140000	60.654738	-773.681802	
17.160000	60.667049	-774.895020	
17.180000	60.679324	-776.108484	
17.200000	60.691564	-777.322193	
17.220000	60.703767	-778.536146	
17.240000	60.715935	-779.750343	
17.260000	60.728068	-780.964784	
17.280000	60.740166	-782.179466	
17.300000	60.752228	-783.394390	
17.320000	60.764256	-784.609555	
17.340000	60.776248	-785.824960	
17.360000	60.788207	-787.040605	
17.380000	60.800130	-788.256489	
17.400000	60.812020	-789.472610	
17.420000	60.823875	-790.688970	
17.440000	60.835696	-791.905565	
17.460000	60.847483	-793.122397	
17.480000	60.859237	-794.339465	
17.500000	60.870956	-795.556767	
17.520000	60.882643	-796.774303	
17.540000	60.894295	-797.992073	
17.560000	60.905915	-799.210075	
17.580000	60.917502	-800.428309	
17.600000	60.929055	-801.646775	
17.620000	60.940576	-802.865471	
17.640000	60.952064	-804.084398	
17.660000	60.963520	-805.303554	
17.680000	60.974943	-806.522939	
17.700000	60.986334	-807.742552	
17.720000	60.997692	-808.962392	
17.740000	61.009019	-810.182459	
17.760000	61.020314	-811.402753	
17.780000	61.031577	-812.623272	
17.800000	61.042808	-813.844016	
17.820000	61.054008	-815.064984	
17.840000	61.065177	-816.286176	
17.860000	61.076314	-817.507591	
17.880000	61.087420	-818.729229	
17.900000	61.098496	-819.951088	
17.920000	61.109540	-821.173169	
17.940000	61.120554	-822.395470	
17.960000	61.131537	-823.617991	
17.980000	61.142489	-824.840731	
18.000000	61.153412	-826.063690	
18.020000	61.164304	-827.286868	
18.040000	61.175166	-828.510262	
18.060000	61.185998	-829.733874	
18.080000	61.196800	-830.957702	
18.100000	61.207572	-832.181746	
18.120000	61.218315	-833.406005	
18.140000	61.229028	-834.630479	
18.160000	61.239712	-835.855166	
18.180000	61.250367	-837.080067	
18.200000	61.260992	-838.305181	
18.220000	61.271589	-839.530507	
18.240000	61.282157	-840.756045	
18.260000	61.292695	-841.981793	
18.280000	61.303206	-843.207752	
18.300000	61.313687	-844.433922	
18.320000	61.324141	-845.660300	
18.340000	61.334566	-846.886887	
18.360000	61.344963	-848.113683	
18.380000	61.355331	-849.340686	
18.400000	61.365672	-850.567896	
18.420000	61.375985	-851.795313	
18.440000	61.386270	-853.022935	
18.460000	61.396528	-854.250763	
18.480000	61.406758	-855.478796	
18.500000	61.416961	-856.707034	
18.520000	61.427136	-857.935475	
18.540000	61.437284	-859.164119	
18.560000	61.447406	-860.392966	
18.580000	61.457500	-861.622015	
18.600000	61.467567	-862.851266	
18.620000	61.477608	-864.080718	
18.640000	61.487622	-865.310370	
18.660000	61.497610	-866.540223	
18.680000	61.507571	-867.770275	
18.700000	61.517506	-869.000526	
18.720000	61.527415	-870.230975	
18.740000	61.537297	-871.461622	
18.760000	61.547154	-872.692467	
18.780000	61.556985	-873.923508	
18.800000	61.566790	-875.154746	
18.820000	61.576569	-876.386180	
18.840000	61.586323	-877.617809	
18.860000	61.596051	-878.849633	
18.880000	61.605754	-880.081651	
18.900000	61.615432	-881.313863	
18.920000	61.625085	-882.546268	
18.940000	61.634712	-883.778867	
18.960000	61.644315	-885.011657	
18.980000	61.653893	-886.244639	
19.000000	61.663446	-887.477813	
19.020000	61.672974	-888.711177	
19.040000	61.682478	-889.944732	
19.060000	61.691957	-891.178476	
19.080000	61.701412	-892.412410	
19.100000	61.710843	-893.646533	
19.120000	61.720250	-894.880844	
19.140000	61.729632	-896.115343	
19.160000	61.738991	-897.350029	
19.180000	61.748326	-898.584902	
19.200000	61.757637	-899.819962	
19.220000	61.766924	-901.055208	
19.240000	61.776188	-902.290639	
19.260000	61.785428	-903.526255	
19.280000	61.794645	-904.762056	
19.300000	61.803839	-905.998041	
19.320000	61.813009	-907.234210	
19.340000	61.822157	-908.470561	
19.360000	61.831281	-909.707096	
19.380000	61.840382	-910.943813	
19.400000	61.849461	-912.180711	
19.420000	61.858517	-913.417791	
19.440000	61.867550	-914.655052	
19.460000	61.876561	-915.892493	
19.480000	61.885549	-917.130114	
19.500000	61.894514	-918.367915	
19.520000	61.903458	-919.605895	
19.540000	61.912379	-920.844053	
19.560000	61.921278	-922.082390	
19.580000	61.930155	-923.320904	
19.600000	61.939010	-924.559596	
19.620000	61.947844	-925.798465	
19.640000	61.956655	-927.037510	
19.660000	61.965445	-928.276731	
19.680000	61.974213	-929.516128	
19.700000	61.982960	-930.755700	
19.720000	61.991685	-931.995446	
19.740000	62.000389	-933.235367	
19.760000	62.009072	-934.475462	
19.780000	62.017733	-935.715730	
19.800000	62.026374	-936.956171	
19.820000	62.034993	-938.196785	
19.840000	62.043592	-939.437571	
19.860000	62.052169	-940.678529	
19.880000	62.060726	-941.919658	
19.900000	62.069262	-943.160958	
19.920000	62.077778	-944.402428	
19.940000	62.086273	-945.644069	
19.960000	62.094748	-946.885879	
19.980000	62.103202	-948.127859	
20.000000	62.111636	-949.370007	
20.020000	62.120049	-950.612324	
20.040000	62.128443	-951.854809	
20.060000	62.136817	-953.097462	
20.080000	62.145170	-954.340282	
20.100000	62.153504	-955.583269	
20.120000	62.161818	-956.826422	
20.140000	62.170112	-958.069741	
20.160000	62.178386	-959.313226	
20.180000	62.186641	-960.556877	
20.200000	62.194876	-961.800692	
20.220000	62.203092	-963.044672	
20.240000	62.211289	-964.288816	
20.260000	62.219466	-965.533123	
20.280000	62.227624	-966.777594	
20.300000	62.235763	-968.022228	
20.320000	62.243883	-969.267025	
20.340000	62.251984	-970.511984	
20.360000	62.260066	-971.757104	
20.380000	62.268129	-973.002386	
20.400000	62.276173	-974.247829	
20.420000	62.284198	-975.493433	
20.440000	62.292205	-976.739197	
20.460000	62.300194	-977.985121	
20.480000	62.308164	-979.231205	
20.500000	62.316115	-980.477448	
20.520000	62.324048	-981.723850	
20.540000	62.331963	-982.970410	
20.560000	62.339860	-984.217128	
20.580000	62.347738	-985.464004	
20.600000	62.355598	-986.711038	
20.620000	62.363441	-987.958228	
20.640000	62.371265	-989.205575	
20.660000	62.379072	-990.453079	
20.680000	62.386860	-991.700738	
20.700000	62.394631	-992.948553	
20.720000	62.402385	-994.196523	
20.740000	62.410120	-995.444649	
20.760000	62.417838	-996.692928	
20.780000	62.425539	-997.941362	
20.800000	62.433222	-999.189950	
20.820000	62.440888	-1000.438691	
20.840000	62.448537	-1001.687585	
20.860000	62.456168	-1002.936632	
20.880000	62.463782	-1004.185832	
20.900000	62.471380	-1005.435184	
20.920000	62.478960	-1006.684687	
20.940000	62.486523	-1007.934342	
20.960000	62.494069	-1009.184148	
20.980000	62.501599	-1010.434105	
21.000000	62.509111	-1011.684212	
21.020000	62.516607	-1012.934469	
21.040000	62.524087	-1014.184876	
21.060000	62.531549	-1015.435433	
21.080000	62.538995	-1016.686138	
21.100000	62.546425	-1017.936993	
21.120000	62.553838	-1019.187995	
21.140000	62.561235	-1020.439146	
21.160000	62.568616	-1021.690445	
21.180000	62.575980	-1022.941891	
21.200000	62.583329	-1024.193484	
21.220000	62.590661	-1025.445224	
21.240000	62.597977	-1026.697110	
21.260000	62.605277	-1027.949143	
21.280000	62.612561	-1029.201321	
21.300000	62.619830	-1030.453645	
21.320000	62.627082	-1031.706115	
21.340000	62.634319	-1032.958729	
21.360000	62.641540	-1034.211487	
21.380000	62.648745	-1035.464390	
21.400000	62.655935	-1036.717437	
21.420000	62.663109	-1037.970628	
21.440000	62.670268	-1039.223962	
21.460000	62.677411	-1040.477438	
21.480000	62.684539	-1041.731058	
21.500000	62.691652	-1042.984820	
21.520000	62.698749	-1044.238724	
21.540000	62.705831	-1045.492770	
21.560000	62.712899	-1046.746957	
21.580000	62.719950	-1048.001286	
21.600000	62.726987	-1049.255755	
21.620000	62.734009	-1050.510365	
21.640000	62.741016	-1051.765116	
21.660000	62.748008	-1053.020006	
21.680000	62.754986	-1054.275036	
21.700000	62.761948	-1055.530206	
21.720000	62.768896	-1056.785514	
21.740000	62.775829	-1058.040961	
21.760000	62.782748	-1059.296547	
21.780000	62.789652	-1060.552271	
21.800000	62.796541	-1061.808133	
21.820000	62.803416	-1063.064133	
21.840000	62.810277	-1064.320270	
21.860000	62.817123	-1065.576544	
21.880000	62.823955	-1066.832955	
21.900000	62.830772	-1068.089502	
21.920000	62.837576	-1069.346186	
21.940000	62.844365	-1070.603005	
21.960000	62.851140	-1071.859960	
21.980000	62.857901	-1073.117051	
22.000000	62.864648	-1074.374276	
22.020000	62.871381	-1075.631637	
22.040000	62.878100	-1076.889132	
22.060000	62.884805	-1078.146761	
22.080000	62.891497	-1079.404524	
22.100000	62.898175	-1080.662421	
22.120000	62.904839	-1081.920451	
22.140000	62.911489	-1083.178614	
22.160000	62.918126	-1084.436910	
22.180000	62.924749	-1085.695339	
22.200000	62.931358	-1086.953900	
22.220000	62.937954	-1088.212593	
22.240000	62.944537	-1089.471418	
22.260000	62.951106	-1090.730375	
22.280000	62.957662	-1091.989463	
22.300000	62.964204	-1093.248681	
22.320000	62.970734	-1094.508031	
22.340000	62.977250	-1095.767511	
22.360000	62.983753	-1097.027121	
22.380000	62.990242	-1098.286861	
22.400000	62.996719	-1099.546731	
22.420000	63.003183	-1100.806730	
22.440000	63.009633	-1102.066858	
22.460000	63.016071	-1103.327115	
22.480000	63.022496	-1104.587501	
22.500000	63.028908	-1105.848015	
22.520000	63.035307	-1107.108657	
22.540000	63.041693	-1108.369427	
22.560000	63.048067	-1109.630325	
22.580000	63.054428	-1110.891350	
22.600000	63.060776	-1112.152502	
22.620000	63.067112	-1113.413781	
22.640000	63.073435	-1114.675186	
22.660000	63.079745	-1115.936718	
22.680000	63.086043	-1117.198376	
22.700000	63.092329	-1118.460160	
22.720000	63.098602	-1119.722069	
22.740000	63.104863	-1120.984104	
22.760000	63.111112	-1122.246264	
22.780000	63.117348	-1123.508548	
22.800000	63.123572	-1124.770958	
22.820000	63.129784	-1126.033491	
22.840000	63.135984	-1127.296149	
22.860000	63.142172	-1128.558931	
22.880000	63.148347	-1129.821836	
22.900000	63.154511	-1131.084865	
22.920000	63.160662	-1132.348016	
22.940000	63.166802	-1133.611291	
22.960000	63.172929	-1134.874688	
22.980000	63.179045	-1136.138208	
23.000000	63.185149	-1137.401850	
23.020000	63.191241	-1138.665614	
23.040000	63.197322	-1139.929500	
23.060000	63.203390	-1141.193507	
23.080000	63.209447	-1142.457636	
23.100000	63.215493	-1143.721885	
23.120000	63.221526	-1144.986255	
23.140000	63.227548	-1146.250746	
23.160000	63.233559	-1147.515357	
23.180000	63.239558	-1148.780088	
23.200000	63.245546	-1150.044939	
23.220000	63.251522	-1151.309910	
23.240000	63.257487	-1152.575000	
23.260000	63.263440	-1153.840210	
23.280000	63.269383	-1155.105538	
23.300000	63.275313	-1156.370985	
23.320000	63.281233	-1157.636551	
23.340000	63.287142	-1158.902234	
23.360000	63.293039	-1160.168036	
23.380000	63.298925	-1161.433956	
23.400000	63.304800	-1162.699993	
23.420000	63.310664	-1163.966148	
23.440000	63.316517	-1165.232420	
23.460000	63.322359	-1166.498809	
23.480000	63.328190	-1167.765314	
23.500000	63.334010	-1169.031936	
23.520000	63.339819	-1170.298675	
23.540000	63.345618	-1171.565529	
23.560000	63.351405	-1172.832499	
23.580000	63.357182	-1174.099585	
23.600000	63.362948	-1175.366787	
23.620000	63.368703	-1176.634103	
23.640000	63.374448	-1177.901535	
23.660000	63.380182	-1179.169081	
23.680000	63.385905	-1180.436742	
23.700000	63.391618	-1181.704517	
23.720000	63.397320	-1182.972407	
23.740000	63.403011	-1184.240410	
23.760000	63.408693	-1185.508527	
23.780000	63.414363	-1186.776758	
23.800000	63.420024	-1188.045102	
23.820000	63.425673	-1189.313559	
23.840000	63.431313	-1190.582129	
23.860000	63.436942	-1191.850811	
23.880000	63.442561	-1193.119606	
23.900000	63.448170	-1194.388514	
23.920000	63.453768	-1195.657533	
23.940000	63.459356	-1196.926664	
23.960000	63.464934	-1198.195907	
23.980000	63.470502	-1199.465262	
24.000000	63.476060	-1200.734727	
24.020000	63.481608	-1202.004304	
24.040000	63.487145	-1203.273992	
24.060000	63.492673	-1204.543790	
24.080000	63.498191	-1205.813699	
24.100000	63.503698	-1207.083717	
24.120000	63.509196	-1208.353846	
24.140000	63.514684	-1209.624085	
24.160000	63.520162	-1210.894434	
24.180000	63.525630	-1212.164892	
24.200000	63.531088	-1213.435459	
24.220000	63.536537	-1214.706135	
24.240000	63.541976	-1215.976921	
24.260000	63.547405	-1217.247814	
24.280000	63.552824	-1218.518817	
24.300000	63.558234	-1219.789927	
24.320000	63.563634	-1221.061146	
24.340000	63.569025	-1222.332473	
24.360000	63.574406	-1223.603907	
24.380000	63.579777	-1224.875449	
24.400000	63.585139	-1226.147098	
24.420000	63.590491	-1227.418854	
24.440000	63.595834	-1228.690718	
24.460000	63.601168	-1229.962688	
24.480000	63.606492	-1231.234764	
24.500000	63.611806	-1232.506948	
24.520000	63.617112	-1233.779237	
24.540000	63.622408	-1235.051632	
24.560000	63.627695	-1236.324133	
24.580000	63.632972	-1237.596740	
24.600000	63.638240	-1238.869452	
24.620000	63.643499	-1240.142269	
24.640000	63.648749	-1241.415192	
24.660000	63.653990	-1242.688219	
24.680000	63.659221	-1243.961351	
24.700000	63.664444	-1245.234588	
24.720000	63.669657	-1246.507929	
24.740000	63.674861	-1247.781374	
24.760000	63.680056	-1249.054924	
24.780000	63.685243	-1250.328577	
24.800000	63.690420	-1251.602333	
24.820000	63.695588	-1252.876194	
24.840000	63.700748	-1254.150157	
24.860000	63.705898	-1255.424223	
24.880000	63.711040	-1256.698393	
24.900000	63.716173	-1257.972665	
24.920000	63.721297	-1259.247040	
24.940000	63.726412	-1260.521517	
24.960000	63.731518	-1261.796096	
24.980000	63.736616	-1263.070778	
