0.020000	0.115024	-0.001150	
0.040000	0.230045	-0.004601	
0.060000	0.345058	-0.010352	
0.080000	0.460061	-0.018403	
0.100000	0.575048	-0.028754	
0.120000	0.690017	-0.041405	
0.140000	0.804964	-0.056355	
0.160000	0.919885	-0.073604	
0.180000	1.034776	-0.093151	
0.200000	1.149634	-0.114995	
0.220000	1.264456	-0.139136	
0.240000	1.379237	-0.165573	
0.260000	1.493973	-0.194305	
0.280000	1.608662	-0.225332	
0.300000	1.723299	-0.258652	
0.320000	1.837881	-0.294264	
0.340000	1.952405	-0.332167	
0.360000	2.066866	-0.372360	
0.380000	2.181261	-0.414842	
0.400000	2.295587	-0.459611	
0.420000	2.409839	-0.506665	
0.440000	2.524014	-0.556004	
0.460000	2.638110	-0.607626	
0.480000	2.752121	-0.661529	
0.500000	2.866045	-0.717711	
0.520000	2.979878	-0.776170	
0.540000	3.093617	-0.836906	
0.560000	3.207257	-0.899915	
0.580000	3.320796	-0.965196	
0.600000	3.434231	-1.032747	
0.620000	3.547556	-1.102565	
0.640000	3.660770	-1.174649	
0.660000	3.773869	-1.248996	
0.680000	3.886849	-1.325604	
0.700000	3.999707	-1.404470	
0.720000	4.112440	-1.485592	
0.740000	4.225044	-1.568968	
0.760000	4.337516	-1.654594	
0.780000	4.449852	-1.742468	
0.800000	4.562050	-1.832588	
0.820000	4.674106	-1.924950	
0.840000	4.786016	-2.019552	
0.860000	4.897779	-2.116391	
0.880000	5.009389	-2.215463	
0.900000	5.120845	-2.316767	
0.920000	5.232142	-2.420297	
0.940000	5.343278	-2.526052	
0.960000	5.454251	-2.634028	
0.980000	5.565055	-2.744222	
1.000000	5.675690	-2.856631	
1.020000	5.786150	-2.971250	
1.040000	5.896434	-3.088077	
1.060000	6.006539	-3.207107	
1.080000	6.116461	-3.328338	
1.100000	6.226198	-3.451766	
1.120000	6.335746	-3.577386	
1.140000	6.445104	-3.705196	
1.160000	6.554267	-3.835190	
1.180000	6.663233	-3.967366	
1.200000	6.771999	-4.101719	
1.220000	6.880562	-4.238246	
1.240000	6.988921	-4.376942	
1.260000	7.097071	-4.517803	
1.280000	7.205010	-4.660825	
1.300000	7.312736	-4.806003	
1.320000	7.420246	-4.953334	
1.340000	7.527537	-5.102813	
1.360000	7.634607	-5.254436	
1.380000	7.741453	-5.408197	
1.400000	7.848072	-5.564094	
1.420000	7.954463	-5.722120	
1.440000	8.060622	-5.882272	
1.460000	8.166548	-6.044545	
1.480000	8.272237	-6.208934	
1.500000	8.377687	-6.375435	
1.520000	8.482897	-6.544042	
1.540000	8.587864	-6.714751	
1.560000	8.692584	-6.887556	
1.580000	8.797058	-7.062454	
1.600000	8.901281	-7.239439	
1.620000	9.005252	-7.418505	
1.640000	9.108968	-7.599649	
1.660000	9.212428	-7.782864	
1.680000	9.315629	-7.968146	
1.700000	9.418570	-8.155489	
1.720000	9.521248	-8.344889	
1.740000	9.623662	-8.536339	
1.760000	9.725808	-8.729835	
1.780000	9.827686	-8.925371	
1.800000	9.929294	-9.122942	
1.820000	10.030629	-9.322543	
1.840000	10.131690	-9.524168	
1.860000	10.232475	-9.727811	
1.880000	10.332983	-9.933467	
1.900000	10.433210	-10.141130	
1.920000	10.533157	-10.350795	
1.940000	10.632821	-10.562456	
1.960000	10.732200	-10.776108	
1.980000	10.831292	-10.991744	
2.000000	10.930098	-11.209360	
2.020000	11.028613	-11.428948	
2.040000	11.126838	-11.650504	
2.060000	11.224771	-11.874022	
2.080000	11.322410	-12.099495	
2.100000	11.419754	-12.326918	
2.120000	11.516801	-12.556285	
2.140000	11.613551	-12.787590	
2.160000	11.710001	-13.020827	
2.180000	11.806151	-13.255990	
2.200000	11.901999	-13.493073	
2.220000	11.997544	-13.732070	
2.240000	12.092785	-13.972975	
2.260000	12.187720	-14.215782	
2.280000	12.282349	-14.460484	
2.300000	12.376671	-14.707076	
2.320000	12.470683	-14.955551	
2.340000	12.564387	-15.205903	
2.360000	12.657779	-15.458126	
2.380000	12.750860	-15.712214	
2.400000	12.843628	-15.968160	
2.420000	12.936083	-16.225959	
2.440000	13.028223	-16.485604	
2.460000	13.120048	-16.747088	
2.480000	13.211557	-17.010406	
2.500000	13.302749	-17.275550	
2.520000	13.393624	-17.542516	
2.540000	13.484180	-17.811295	
2.560000	13.574417	-18.081883	
2.580000	13.664334	-18.354272	
2.600000	13.753931	-18.628456	
2.620000	13.843207	-18.904429	
2.640000	13.932161	-19.182185	
2.660000	14.020794	-19.461716	
2.680000	14.109103	-19.743016	
2.700000	14.197089	-20.026080	
2.720000	14.284752	-20.310900	
2.740000	14.372091	-20.597470	
2.760000	14.459105	-20.885784	
2.780000	14.545794	-21.175834	
2.800000	14.632157	-21.467615	
2.820000	14.718196	-21.761120	
2.840000	14.803908	-22.056343	
2.860000	14.889294	-22.353277	
2.880000	14.974353	-22.651915	
2.900000	15.059086	-22.952251	
2.920000	15.143492	-23.254278	
2.940000	15.227570	-23.557991	
2.960000	15.311322	-23.863381	
2.980000	15.394746	-24.170443	
3.000000	15.477842	-24.479171	
3.020000	15.560611	-24.789557	
3.040000	15.643052	-25.101595	
3.060000	15.725165	-25.415279	
3.080000	15.806951	-25.730602	
3.100000	15.888409	-26.047557	
3.120000	15.969539	-26.366138	
3.140000	16.050342	-26.686339	
3.160000	16.130817	-27.008152	
3.180000	16.210964	-27.331571	
3.200000	16.290784	-27.656591	
3.220000	16.370277	-27.983203	
3.240000	16.449443	-28.311402	
3.260000	16.528283	-28.641181	
3.280000	16.606795	-28.972533	
3.300000	16.684981	-29.305452	
3.320000	16.762841	-29.639932	
3.340000	16.840375	-29.975966	
3.360000	16.917584	-30.313547	
3.380000	16.994467	-30.652669	
3.400000	17.071025	-30.993326	
3.420000	17.147259	-31.335510	
3.440000	17.223168	-31.679216	
3.460000	17.298754	-32.024437	
3.480000	17.374016	-32.371166	
3.500000	17.448955	-32.719398	
3.520000	17.523572	-33.069125	
3.540000	17.597866	-33.420341	
3.560000	17.671838	-33.773039	
3.580000	17.745490	-34.127214	
3.600000	17.818821	-34.482859	
3.620000	17.891831	-34.839967	
3.640000	17.964522	-35.198532	
3.660000	18.036894	-35.558548	
3.680000	18.108948	-35.920008	
3.700000	18.180684	-36.282906	
3.720000	18.252102	-36.647235	
3.740000	18.323204	-37.012990	
3.760000	18.393989	-37.380163	
3.780000	18.464459	-37.748749	
3.800000	18.534615	-38.118742	
3.820000	18.604456	-38.490134	
3.840000	18.673985	-38.862920	
3.860000	18.743200	-39.237093	
3.880000	18.812104	-39.612648	
3.900000	18.880696	-39.989578	
3.920000	18.948978	-40.367876	
3.940000	19.016950	-40.747537	
3.960000	19.084613	-41.128554	
3.980000	19.151968	-41.510921	
4.000000	19.219015	-41.894633	
4.020000	19.285756	-42.279682	
4.040000	19.352191	-42.666063	
4.060000	19.418322	-43.053769	
4.080000	19.484148	-43.442796	
4.100000	19.549671	-43.833135	
4.120000	19.614891	-44.224782	
4.140000	19.679810	-44.617731	
4.160000	19.744428	-45.011975	
4.180000	19.808746	-45.407508	
4.200000	19.872766	-45.804325	
4.220000	19.936487	-46.202419	
4.240000	19.999911	-46.601784	
4.260000	20.063039	-47.002415	
4.280000	20.125872	-47.404306	
4.300000	20.188411	-47.807450	
4.320000	20.250656	-48.211842	
4.340000	20.312608	-48.617476	
4.360000	20.374270	-49.024346	
4.380000	20.435640	-49.432447	
4.400000	20.496722	-49.841772	
4.420000	20.557514	-50.252316	
4.440000	20.618019	-50.664073	
4.460000	20.678238	-51.077037	
4.480000	20.738171	-51.491202	
4.500000	20.797819	-51.906564	
4.520000	20.857184	-52.323115	
4.540000	20.916267	-52.740851	
4.560000	20.975068	-53.159766	
4.580000	21.033588	-53.579854	
4.600000	21.091829	-54.001109	
4.620000	21.149792	-54.423527	
4.640000	21.207477	-54.847101	
4.660000	21.264886	-55.271826	
4.680000	21.322019	-55.697696	
4.700000	21.378879	-56.124707	
4.720000	21.435465	-56.552851	
4.740000	21.491779	-56.982125	
4.760000	21.547823	-57.412523	
4.780000	21.603596	-57.844038	
4.800000	21.659101	-58.276666	
4.820000	21.714337	-58.710402	
4.840000	21.769307	-59.145240	
4.860000	21.824012	-59.581174	
4.880000	21.878452	-60.018200	
4.900000	21.932628	-60.456313	
4.920000	21.986543	-60.895506	
4.940000	22.040196	-61.335774	
4.960000	22.093589	-61.777113	
4.980000	22.146723	-62.219518	
5.000000	22.199599	-62.662982	
5.020000	22.252218	-63.107502	
5.040000	22.304581	-63.553071	
5.060000	22.356690	-63.999685	
5.080000	22.408546	-64.447339	
5.100000	22.460149	-64.896027	
5.120000	22.511501	-65.345745	
5.140000	22.562602	-65.796487	
5.160000	22.613455	-66.248249	
5.180000	22.664060	-66.701025	
5.200000	22.714418	-67.154811	
5.220000	22.764530	-67.609602	
5.240000	22.814397	-68.065392	
5.260000	22.864022	-68.522178	
5.280000	22.913403	-68.979953	
5.300000	22.962544	-69.438714	
5.320000	23.011445	-69.898455	
5.340000	23.060106	-70.359172	
5.360000	23.108530	-70.820859	
5.380000	23.156717	-71.283513	
5.400000	23.204668	-71.747128	
5.420000	23.252385	-72.211699	
5.440000	23.299868	-72.677223	
5.460000	23.347120	-73.143694	
5.480000	23.394140	-73.611108	
5.500000	23.440929	-74.079460	
5.520000	23.487490	-74.548745	
5.540000	23.533823	-75.018959	
5.560000	23.579930	-75.490098	
5.580000	23.625810	-75.962157	
5.600000	23.671466	-76.435130	
5.620000	23.716899	-76.909015	
5.640000	23.762110	-77.383806	
5.660000	23.807099	-77.859500	
5.680000	23.851868	-78.336090	
5.700000	23.896418	-78.813574	
5.720000	23.940750	-79.291947	
5.740000	23.984865	-79.771204	
5.760000	24.028765	-80.251342	
5.780000	24.072450	-80.732355	
5.800000	24.115921	-81.214240	
5.820000	24.159180	-81.696992	
5.840000	24.202227	-82.180607	
5.860000	24.245064	-82.665081	
5.880000	24.287692	-83.150409	
5.900000	24.330111	-83.636589	
5.920000	24.372324	-84.123614	
5.940000	24.414330	-84.611481	
5.960000	24.456132	-85.100187	
5.980000	24.497730	-85.589727	
6.000000	24.539124	-86.080096	
6.020000	24.580317	-86.571292	
6.040000	24.621310	-87.063309	
6.060000	24.662102	-87.556144	
6.080000	24.702696	-88.049793	
6.100000	24.743092	-88.544252	
6.120000	24.783292	-89.039517	
6.140000	24.823297	-89.535584	
6.160000	24.863106	-90.032449	
6.180000	24.902723	-90.530108	
6.200000	24.942147	-91.028558	
6.220000	24.981380	-91.527794	
6.240000	25.020422	-92.027813	
6.260000	25.059275	-92.528611	
6.280000	25.097940	-93.030184	
6.300000	25.136417	-93.532528	
6.320000	25.174708	-94.035640	
6.340000	25.212814	-94.539517	
6.360000	25.250735	-95.044153	
6.380000	25.288474	-95.549546	
6.400000	25.326030	-96.055692	
6.420000	25.363404	-96.562587	
6.440000	25.400598	-97.070228	
6.460000	25.437613	-97.578611	
6.480000	25.474450	-98.087733	
6.500000	25.511109	-98.597589	
6.520000	25.547592	-99.108177	
6.540000	25.583900	-99.619493	
6.560000	25.620033	-100.131533	
6.580000	25.655992	-100.644294	
6.600000	25.691779	-101.157773	
6.620000	25.727394	-101.671965	
6.640000	25.762839	-102.186868	
6.660000	25.798114	-102.702479	
6.680000	25.833220	-103.218793	
6.700000	25.868159	-103.735808	
6.720000	25.902930	-104.253519	
6.740000	25.937536	-104.771925	
6.760000	25.971976	-105.291021	
6.780000	26.006253	-105.810804	
6.800000	26.040366	-106.331271	
6.820000	26.074317	-106.852419	
6.840000	26.108106	-107.374244	
6.860000	26.141735	-107.896743	
6.880000	26.175205	-108.419913	
6.900000	26.208516	-108.943751	
6.920000	26.241669	-109.468254	
6.940000	26.274665	-109.993418	
6.960000	26.307505	-110.519240	
6.980000	26.340190	-111.045718	
7.000000	26.372721	-111.572848	
7.020000	26.405098	-112.100627	
7.040000	26.437323	-112.629052	
7.060000	26.469396	-113.158120	
7.080000	26.501318	-113.687828	
7.100000	26.533091	-114.218172	
7.120000	26.564714	-114.749151	
7.140000	26.596189	-115.280761	
7.160000	26.627516	-115.812999	
7.180000	26.658697	-116.345862	
7.200000	26.689733	-116.879347	
7.220000	26.720623	-117.413451	
7.240000	26.751369	-117.948172	
7.260000	26.781973	-118.483506	
7.280000	26.812433	-119.019450	
7.300000	26.842752	-119.556003	
7.320000	26.872930	-120.093161	
7.340000	26.902968	-120.630920	
7.360000	26.932867	-121.169279	
7.380000	26.962628	-121.708235	
7.400000	26.992250	-122.247784	
7.420000	27.021736	-122.787925	
7.440000	27.051086	-123.328654	
7.460000	27.080301	-123.869968	
7.480000	27.109381	-124.411866	
7.500000	27.138327	-124.954344	
7.520000	27.167141	-125.497399	
7.540000	27.195822	-126.041029	
7.560000	27.224372	-126.585232	
7.580000	27.252791	-127.130004	
7.600000	27.281080	-127.675343	
7.620000	27.309239	-128.221247	
7.640000	27.337271	-128.767713	
7.660000	27.365174	-129.314738	
7.680000	27.392951	-129.862320	
7.700000	27.420601	-130.410456	
7.720000	27.448126	-130.959144	
7.740000	27.475526	-131.508381	
7.760000	27.502802	-132.058165	
7.780000	27.529954	-132.608493	
7.800000	27.556984	-133.159363	
7.820000	27.583892	-133.710773	
7.840000	27.610679	-134.262719	
7.860000	27.637345	-134.815200	
7.880000	27.663891	-135.368213	
7.900000	27.690318	-135.921755	
7.920000	27.716626	-136.475825	
7.940000	27.742816	-137.030420	
7.960000	27.768890	-137.585538	
7.980000	27.794847	-138.141176	
8.000000	27.820688	-138.697332	
8.020000	27.846414	-139.254004	
8.040000	27.872025	-139.811189	
8.060000	27.897523	-140.368885	
8.080000	27.922907	-140.927089	
8.100000	27.948179	-141.485801	
8.120000	27.973339	-142.045017	
8.140000	27.998388	-142.604734	
8.160000	28.023326	-143.164952	
8.180000	28.048155	-143.725668	
8.200000	28.072874	-144.286878	
8.220000	28.097484	-144.848582	
8.240000	28.121986	-145.410778	
8.260000	28.146381	-145.973462	
8.280000	28.170668	-146.536633	
8.300000	28.194850	-147.100289	
8.320000	28.218926	-147.664427	
8.340000	28.242897	-148.229046	
8.360000	28.266764	-148.794143	
8.380000	28.290526	-149.359716	
8.400000	28.314186	-149.925764	
8.420000	28.337743	-150.492284	
8.440000	28.361198	-151.059274	
8.460000	28.384551	-151.626732	
8.480000	28.407804	-152.194656	
8.500000	28.430956	-152.763044	
8.520000	28.454008	-153.331894	
8.540000	28.476962	-153.901204	
8.560000	28.499816	-154.470972	
8.580000	28.522573	-155.041197	
8.600000	28.545232	-155.611875	
8.620000	28.567794	-156.183006	
8.640000	28.590260	-156.754587	
8.660000	28.612630	-157.326616	
8.680000	28.634905	-157.899092	
8.700000	28.657085	-158.472013	
8.720000	28.679171	-159.045376	
8.740000	28.701164	-159.619179	
8.760000	28.723063	-160.193422	
8.780000	28.744869	-160.768102	
8.800000	28.766584	-161.343217	
8.820000	28.788207	-161.918765	
8.840000	28.809738	-162.494745	
8.860000	28.831180	-163.071155	
8.880000	28.852531	-163.647992	
8.900000	28.873793	-164.225256	
8.920000	28.894966	-164.802944	
8.940000	28.916050	-165.381055	
8.960000	28.937047	-165.959586	
8.980000	28.957956	-166.538537	
9.000000	28.978778	-167.117904	
9.020000	28.999513	-167.697688	
9.040000	29.020162	-168.277885	
9.060000	29.040726	-168.858494	
9.080000	29.061205	-169.439514	
9.100000	29.081599	-170.020942	
9.120000	29.101910	-170.602778	
9.140000	29.122136	-171.185019	
9.160000	29.142280	-171.767663	
9.180000	29.162340	-172.350710	
9.200000	29.182319	-172.934157	
9.220000	29.202216	-173.518003	
9.240000	29.222031	-174.102246	
9.260000	29.241766	-174.686884	
9.280000	29.261420	-175.271916	
9.300000	29.280994	-175.857341	
9.320000	29.300489	-176.443156	
9.340000	29.319904	-177.029360	
9.360000	29.339241	-177.615952	
9.380000	29.358500	-178.202930	
9.400000	29.377681	-178.790292	
9.420000	29.396785	-179.378037	
9.440000	29.415812	-179.966164	
9.460000	29.434763	-180.554670	
9.480000	29.453637	-181.143554	
9.500000	29.472436	-181.732815	
9.520000	29.491159	-182.322452	
9.540000	29.509808	-182.912462	
9.560000	29.528383	-183.502844	
9.580000	29.546883	-184.093597	
9.600000	29.565310	-184.684719	
9.620000	29.583664	-185.276209	
9.640000	29.601945	-185.868066	
9.660000	29.620154	-186.460287	
9.680000	29.638291	-187.052872	
9.700000	29.656356	-187.645819	
9.720000	29.674350	-188.239126	
9.740000	29.692273	-188.832793	
9.760000	29.710126	-189.426817	
9.780000	29.727909	-190.021198	
9.800000	29.745622	-190.615933	
9.820000	29.763267	-191.211023	
9.840000	29.780842	-191.806464	
9.860000	29.798349	-192.402256	
9.880000	29.815787	-192.998398	
9.900000	29.833158	-193.594888	
9.920000	29.850462	-194.191724	
9.940000	29.867698	-194.788906	
9.960000	29.884868	-195.386432	
9.980000	29.901972	-195.984301	
10.000000	29.919010	-196.582511	
10.020000	29.935982	-197.181061	
10.040000	29.952889	-197.779950	
10.060000	29.969731	-198.379177	
10.080000	29.986509	-198.978740	
10.100000	30.003222	-199.578637	
10.120000	30.019872	-200.178869	
10.140000	30.036458	-200.779432	
10.160000	30.052981	-201.380327	
10.180000	30.069442	-201.981551	
10.200000	30.085840	-202.583105	
10.220000	30.102175	-203.184985	
10.240000	30.118449	-203.787192	
10.260000	30.134662	-204.389723	
10.280000	30.150813	-204.992578	
10.300000	30.166904	-205.595756	
10.320000	30.182934	-206.199254	
10.340000	30.198904	-206.803073	
10.360000	30.214814	-207.407210	
10.380000	30.230665	-208.011666	
10.400000	30.246456	-208.616437	
10.420000	30.262189	-209.221524	
10.440000	30.277863	-209.826925	
10.460000	30.293479	-210.432638	
10.480000	30.309036	-211.038664	
10.500000	30.324537	-211.645000	
10.520000	30.339979	-212.251645	
10.540000	30.355365	-212.858599	
10.560000	30.370694	-213.465860	
10.580000	30.385967	-214.073427	
10.600000	30.401183	-214.681298	
10.620000	30.416344	-215.289474	
10.640000	30.431449	-215.897952	
10.660000	30.446498	-216.506732	
10.680000	30.461493	-217.115812	
10.700000	30.476433	-217.725192	
10.720000	30.491319	-218.334869	
10.740000	30.506150	-218.944844	
10.760000	30.520928	-219.555115	
10.780000	30.535652	-220.165682	
10.800000	30.550323	-220.776542	
10.820000	30.564941	-221.387694	
10.840000	30.579506	-221.999139	
10.860000	30.594018	-222.610875	
10.880000	30.608479	-223.222900	
10.900000	30.622887	-223.835214	
10.920000	30.637244	-224.447815	
10.940000	30.651550	-225.060704	
10.960000	30.665804	-225.673877	
10.980000	30.680007	-226.287336	
11.000000	30.694160	-226.901078	
11.020000	30.708263	-227.515102	
11.040000	30.722315	-228.129408	
11.060000	30.736318	-228.743995	
11.080000	30.750271	-229.358861	
11.100000	30.764175	-229.974006	
11.120000	30.778029	-230.589428	
11.140000	30.791835	-231.205127	
11.160000	30.805592	-231.821101	
11.180000	30.819301	-232.437350	
11.200000	30.832962	-233.053873	
11.220000	30.846575	-233.670669	
11.240000	30.860140	-234.287736	
11.260000	30.873658	-234.905075	
11.280000	30.887129	-235.522683	
11.300000	30.900553	-236.140560	
11.320000	30.913931	-236.758705	
11.340000	30.927262	-237.377117	
11.360000	30.940547	-237.995795	
11.380000	30.953785	-238.614739	
11.400000	30.966979	-239.233947	
11.420000	30.980126	-239.853418	
11.440000	30.993229	-240.473152	
11.460000	31.006286	-241.093147	
11.480000	31.019299	-241.713403	
11.500000	31.032267	-242.333919	
11.520000	31.045190	-242.954694	
11.540000	31.058070	-243.575727	
11.560000	31.070905	-244.197017	
11.580000	31.083697	-244.818563	
11.600000	31.096446	-245.440365	
11.620000	31.109151	-246.062421	
11.640000	31.121813	-246.684731	
11.660000	31.134432	-247.307293	
11.680000	31.147008	-247.930108	
11.700000	31.159543	-248.553174	
11.720000	31.172034	-249.176490	
11.740000	31.184484	-249.800055	
11.760000	31.196892	-250.423869	
11.780000	31.209259	-251.047931	
11.800000	31.221584	-251.672239	
11.820000	31.233868	-252.296794	
11.840000	31.246111	-252.921594	
11.860000	31.258313	-253.546638	
11.880000	31.270474	-254.171927	
11.900000	31.282595	-254.797457	
11.920000	31.294676	-255.423230	
11.940000	31.306717	-256.049244	
11.960000	31.318718	-256.675499	
11.980000	31.330679	-257.301993	
12.000000	31.342601	-257.928726	
12.020000	31.354484	-258.555697	
12.040000	31.366328	-259.182906	
12.060000	31.378133	-259.810350	
12.080000	31.389899	-260.438031	
12.100000	31.401626	-261.065946	
12.120000	31.413316	-261.694096	
12.140000	31.424967	-262.322479	
12.160000	31.436580	-262.951095	
12.180000	31.448156	-263.579942	
12.200000	31.459693	-264.209021	
12.220000	31.471194	-264.838330	
12.240000	31.482657	-265.467869	
12.260000	31.494083	-266.097636	
12.280000	31.505473	-266.727632	
12.300000	31.516825	-267.357855	
12.320000	31.528141	-267.988305	
12.340000	31.539421	-268.618981	
12.360000	31.550665	-269.249882	
12.380000	31.561872	-269.881007	
12.400000	31.573044	-270.512357	
12.420000	31.584180	-271.143929	
12.440000	31.595280	-271.775724	
12.460000	31.606345	-272.407740	
12.480000	31.617375	-273.039978	
12.500000	31.628370	-273.672435	
12.520000	31.639331	-274.305112	
12.540000	31.650256	-274.938009	
12.560000	31.661147	-275.571123	
12.580000	31.672003	-276.204454	
12.600000	31.682826	-276.838003	
12.620000	31.693614	-277.471767	
12.640000	31.704368	-278.105747	
12.660000	31.715089	-278.739942	
12.680000	31.725776	-279.374351	
12.700000	31.736430	-280.008973	
12.720000	31.747050	-280.643808	
12.740000	31.757637	-281.278855	
12.760000	31.768191	-281.914114	
12.780000	31.778713	-282.549583	
12.800000	31.789202	-283.185262	
12.820000	31.799658	-283.821151	
12.840000	31.810082	-284.457248	
12.860000	31.820474	-285.093554	
12.880000	31.830833	-285.730067	
12.900000	31.841161	-286.366788	
12.920000	31.851457	-287.003714	
12.940000	31.861721	-287.640846	
12.960000	31.871954	-288.278183	
12.980000	31.882155	-288.915724	
13.000000	31.892326	-289.553469	
13.020000	31.902465	-290.191417	
13.040000	31.912573	-290.829568	
13.060000	31.922651	-291.467920	
13.080000	31.932697	-292.106474	
13.100000	31.942714	-292.745228	
13.120000	31.952700	-293.384182	
13.140000	31.962655	-294.023336	
13.160000	31.972581	-294.662688	
13.180000	31.982477	-295.302239	
13.200000	31.992342	-295.941987	
13.220000	32.002178	-296.581933	
13.240000	32.011985	-297.222075	
13.260000	32.021762	-297.862412	
13.280000	32.031510	-298.502945	
13.300000	32.041228	-299.143673	
13.320000	32.050918	-299.784594	
13.340000	32.060579	-300.425709	
13.360000	32.070210	-301.067017	
13.380000	32.079814	-301.708518	
13.400000	32.089388	-302.350210	
13.420000	32.098934	-302.992093	
13.440000	32.108452	-303.634167	
13.460000	32.117942	-304.276431	
13.480000	32.127404	-304.918885	
13.500000	32.136838	-305.561527	
13.520000	32.146244	-306.204358	
13.540000	32.155622	-306.847377	
13.560000	32.164973	-307.490583	
13.580000	32.174296	-308.133976	
13.600000	32.183592	-308.777555	
13.620000	32.192861	-309.421320	
13.640000	32.202103	-310.065270	
13.660000	32.211317	-310.709404	
13.680000	32.220505	-311.353722	
13.700000	32.229667	-311.998224	
13.720000	32.238801	-312.642909	
13.740000	32.247909	-313.287776	
13.760000	32.256991	-313.932825	
13.780000	32.266046	-314.578056	
13.800000	32.275076	-315.223467	
13.820000	32.284079	-315.869059	
13.840000	32.293056	-316.514830	
13.860000	32.302008	-317.160781	
13.880000	32.310934	-317.806911	
13.900000	32.319834	-318.453218	
13.920000	32.328708	-319.099704	
13.940000	32.337558	-319.746367	
13.960000	32.346382	-320.393206	
13.980000	32.355181	-321.040222	
14.000000	32.363954	-321.687413	
14.020000	32.372703	-322.334780	
14.040000	32.381427	-322.982322	
14.060000	32.390126	-323.630037	
14.080000	32.398801	-324.277927	
14.100000	32.407451	-324.925989	
14.120000	32.416077	-325.574225	
14.140000	32.424678	-326.222632	
14.160000	32.433255	-326.871212	
14.180000	32.441808	-327.519963	
14.200000	32.450337	-328.168884	
14.220000	32.458842	-328.817976	
14.240000	32.467323	-329.467238	
14.260000	32.475780	-330.116669	
14.280000	32.484214	-330.766269	
14.300000	32.492624	-331.416037	
14.320000	32.501011	-332.065974	
14.340000	32.509374	-332.716078	
14.360000	32.517714	-333.366349	
14.380000	32.526031	-334.016786	
14.400000	32.534325	-334.667390	
14.420000	32.542597	-335.318159	
14.440000	32.550845	-335.969094	
14.460000	32.559070	-336.620193	
14.480000	32.567273	-337.271457	
14.500000	32.575453	-337.922884	
14.520000	32.583611	-338.574475	
14.540000	32.591746	-339.226229	
14.560000	32.599859	-339.878145	
14.580000	32.607950	-340.530223	
14.600000	32.616018	-341.182463	
14.620000	32.624065	-341.834864	
14.640000	32.632090	-342.487425	
14.660000	32.640093	-343.140147	
14.680000	32.648074	-343.793029	
14.700000	32.656033	-344.446070	
14.720000	32.663971	-345.099270	
14.740000	32.671887	-345.752629	
14.760000	32.679782	-346.406146	
14.780000	32.687655	-347.059820	
14.800000	32.695508	-347.713652	
14.820000	32.703339	-348.367641	
14.840000	32.711149	-349.021786	
14.860000	32.718938	-349.676087	
14.880000	32.726706	-350.330543	
14.900000	32.734454	-350.985155	
14.920000	32.742180	-351.639921	
14.940000	32.749886	-352.294842	
14.960000	32.757572	-352.949917	
14.980000	32.765236	-353.605145	
15.000000	32.772881	-354.260526	
15.020000	32.780505	-354.916060	
15.040000	32.788109	-355.571746	
15.060000	32.795693	-356.227585	
15.080000	32.803256	-356.883574	
15.100000	32.810800	-357.539715	
15.120000	32.818324	-358.196006	
15.140000	32.825828	-358.852448	
15.160000	32.833312	-359.509039	
15.180000	32.840776	-360.165780	
15.200000	32.848221	-360.822670	
15.220000	32.855646	-361.479709	
15.240000	32.863052	-362.136896	
15.260000	32.870438	-362.794231	
15.280000	32.877806	-363.451714	
15.300000	32.885153	-364.109343	
15.320000	32.892482	-364.767120	
15.340000	32.899792	-365.425043	
15.360000	32.907082	-366.083111	
15.380000	32.914354	-366.741326	
15.400000	32.921607	-367.399686	
15.420000	32.928841	-368.058190	
15.440000	32.936056	-368.716839	
15.460000	32.943253	-369.375632	
15.480000	32.950431	-370.034569	
15.500000	32.957590	-370.693650	
15.520000	32.964731	-371.352873	
15.540000	32.971854	-372.012239	
15.560000	32.978959	-372.671747	
15.580000	32.986045	-373.331397	
15.600000	32.993113	-373.991189	
15.620000	33.000163	-374.651122	
15.640000	33.007195	-375.311195	
15.660000	33.014209	-375.971410	
15.680000	33.021205	-376.631764	
15.700000	33.028183	-377.292258	
15.720000	33.035144	-377.952891	
15.740000	33.042087	-378.613664	
15.760000	33.049012	-379.274575	
15.780000	33.055920	-379.935624	
15.800000	33.062810	-380.596811	
15.820000	33.069683	-381.258136	
15.840000	33.076539	-381.919599	
15.860000	33.083377	-382.581198	
15.880000	33.090198	-383.242934	
15.900000	33.097002	-383.904806	
15.920000	33.103789	-384.566814	
15.940000	33.110559	-385.228957	
15.960000	33.117312	-385.891236	
15.980000	33.124048	-386.553650	
16.000000	33.130767	-387.216198	
16.020000	33.137470	-387.878881	
16.040000	33.144155	-388.541697	
16.060000	33.150824	-389.204647	
16.080000	33.157477	-389.867730	
16.100000	33.164113	-390.530946	
16.120000	33.170732	-391.194294	
16.140000	33.177335	-391.857775	
16.160000	33.183922	-392.521388	
16.180000	33.190493	-393.185132	
16.200000	33.197047	-393.849008	
16.220000	33.203585	-394.513014	
16.240000	33.210107	-395.177151	
16.260000	33.216613	-395.841418	
16.280000	33.223103	-396.505816	
16.300000	33.229578	-397.170342	
16.320000	33.236036	-397.834999	
16.340000	33.242478	-398.499784	
16.360000	33.248905	-399.164698	
16.380000	33.255316	-399.829740	
16.400000	33.261712	-400.494910	
16.420000	33.268091	-401.160209	
16.440000	33.274456	-401.825634	
16.460000	33.280805	-402.491187	
16.480000	33.287138	-403.156866	
16.500000	33.293456	-403.822672	
16.520000	33.299759	-404.488605	
16.540000	33.306047	-405.154663	
16.560000	33.312319	-405.820846	
16.580000	33.318576	-406.487155	
16.600000	33.324819	-407.153589	
16.620000	33.331046	-407.820148	
16.640000	33.337258	-408.486831	
16.660000	33.343456	-409.153638	
16.680000	33.349638	-409.820570	
16.700000	33.355806	-410.487624	
16.720000	33.361959	-411.154802	
16.740000	33.368097	-411.822102	
16.760000	33.374221	-412.489526	
16.780000	33.380330	-413.157071	
16.800000	33.386424	-413.824739	
16.820000	33.392504	-414.492528	
16.840000	33.398570	-415.160439	
16.860000	33.404621	-415.828471	
16.880000	33.410658	-416.496624	
16.900000	33.416680	-417.164897	
16.920000	33.422688	-417.833291	
16.940000	33.428683	-418.501805	
16.960000	33.434663	-419.170438	
16.980000	33.440629	-419.839191	
17.000000	33.446580	-420.508063	
17.020000	33.452518	-421.177054	
17.040000	33.458442	-421.846164	
17.060000	33.464352	-422.515392	
17.080000	33.470249	-423.184738	
17.100000	33.476131	-423.854202	
17.120000	33.482000	-424.523784	
17.140000	33.487855	-425.193482	
17.160000	33.493696	-425.863298	
17.180000	33.499524	-426.533230	
17.200000	33.505338	-427.203279	
17.220000	33.511139	-427.873444	
17.240000	33.516926	-428.543724	
17.260000	33.522700	-429.214121	
17.280000	33.528461	-429.884632	
17.300000	33.534208	-430.555259	
17.320000	33.539942	-431.226001	
17.340000	33.545663	-431.896857	
17.360000	33.551370	-432.567827	
17.380000	33.557065	-433.238911	
17.400000	33.562746	-433.910110	
17.420000	33.568414	-434.581421	
17.440000	33.574069	-435.252846	
17.460000	33.579712	-435.924384	
17.480000	33.585341	-436.596035	
17.500000	33.590958	-437.267798	
17.520000	33.596561	-437.939673	
17.540000	33.602152	-438.611660	
17.560000	33.607731	-439.283759	
17.580000	33.613296	-439.955969	
17.600000	33.618849	-440.628291	
17.620000	33.624389	-441.300723	
17.640000	33.629917	-441.973267	
17.660000	33.635432	-442.645920	
17.680000	33.640935	-443.318684	
17.700000	33.646425	-443.991557	
17.720000	33.651903	-444.664541	
17.740000	33.657369	-445.337634	
17.760000	33.662822	-446.010836	
17.780000	33.668263	-446.684146	
17.800000	33.673692	-447.357566	
17.820000	33.679108	-448.031094	
17.840000	33.684513	-448.704730	
17.860000	33.689905	-449.378475	
17.880000	33.695286	-450.052327	
17.900000	33.700654	-450.726286	
17.920000	33.706010	-451.400353	
17.940000	33.711354	-452.074527	
17.960000	33.716687	-452.748807	
17.980000	33.722007	-453.423194	
18.000000	33.727316	-454.097687	
18.020000	33.732613	-454.772287	
18.040000	33.737898	-455.446992	
18.060000	33.743172	-456.121803	
18.080000	33.748434	-456.796719	
18.100000	33.753684	-457.471740	
18.120000	33.758923	-458.146866	
18.140000	33.764150	-458.822097	
18.160000	33.769365	-459.497432	
18.180000	33.774569	-460.172871	
18.200000	33.779762	-460.848415	
18.220000	33.784943	-461.524062	
18.240000	33.790113	-462.199813	
18.260000	33.795272	-462.875666	
18.280000	33.800419	-463.551623	
18.300000	33.805555	-464.227683	
18.320000	33.810680	-464.903846	
18.340000	33.815794	-465.580110	
18.360000	33.820896	-466.256477	
18.380000	33.825988	-466.932946	
18.400000	33.831068	-467.609517	
18.420000	33.836137	-468.286189	
18.440000	33.841196	-468.962962	
18.460000	33.846243	-469.639837	
18.480000	33.851280	-470.316812	
18.500000	33.856305	-470.993888	
18.520000	33.861320	-471.671064	
18.540000	33.866324	-472.348341	
18.560000	33.871317	-473.025717	
18.580000	33.876299	-473.703194	
18.600000	33.881271	-474.380769	
18.620000	33.886232	-475.058444	
18.640000	33.891182	-475.736219	
18.660000	33.896122	-476.414092	
18.680000	33.901051	-477.092063	
18.700000	33.905970	-477.770134	
18.720000	33.910878	-478.448302	
18.740000	33.915775	-479.126569	
18.760000	33.920663	-479.804933	
18.780000	33.925539	-480.483395	
18.800000	33.930406	-481.161955	
18.820000	33.935262	-481.840612	
18.840000	33.940108	-482.519365	
18.860000	33.944943	-483.198216	
18.880000	33.949768	-483.877163	
18.900000	33.954583	-484.556207	
18.920000	33.959388	-485.235346	
18.940000	33.964183	-485.914582	
18.960000	33.968967	-486.593914	
18.980000	33.973742	-487.273341	
19.000000	33.978506	-487.952863	
19.020000	33.983261	-488.632481	
19.040000	33.988005	-489.312194	
19.060000	33.992739	-489.992001	
19.080000	33.997464	-490.671903	
19.100000	34.002179	-491.351900	
19.120000	34.006883	-492.031990	
19.140000	34.011578	-492.712175	
19.160000	34.016264	-493.392454	
19.180000	34.020939	-494.072826	
19.200000	34.025605	-494.753291	
19.220000	34.030261	-495.433850	
19.240000	34.034907	-496.114502	
19.260000	34.039543	-496.795246	
19.280000	34.044170	-497.476083	
19.300000	34.048788	-498.157013	
19.320000	34.053396	-498.838035	
19.340000	34.057994	-499.519149	
19.360000	34.062583	-500.200355	
19.380000	34.067162	-500.881652	
19.400000	34.071732	-501.563041	
19.420000	34.076293	-502.244521	
19.440000	34.080844	-502.926093	
19.460000	34.085385	-503.607755	
19.480000	34.089918	-504.289508	
19.500000	34.094441	-504.971352	
19.520000	34.098955	-505.653286	
19.540000	34.103459	-506.335310	
19.560000	34.107955	-507.017424	
19.580000	34.112441	-507.699628	
19.600000	34.116918	-508.381922	
19.620000	34.121386	-509.064305	
19.640000	34.125845	-509.746777	
19.660000	34.130295	-510.429339	
19.680000	34.134735	-511.111989	
19.700000	34.139167	-511.794728	
19.720000	34.143590	-512.477556	
19.740000	34.148004	-513.160472	
19.760000	34.152408	-513.843476	
19.780000	34.156804	-514.526568	
19.800000	34.161191	-515.209748	
19.820000	34.165570	-515.893016	
19.840000	34.169939	-516.576371	
19.860000	34.174300	-517.259813	
19.880000	34.178651	-517.943343	
19.900000	34.182994	-518.626959	
19.920000	34.187329	-519.310663	
19.940000	34.191654	-519.994453	
19.960000	34.195971	-520.678329	
19.980000	34.200280	-521.362291	
20.000000	34.204579	-522.046340	
20.020000	34.208870	-522.730475	
20.040000	34.213153	-523.414695	
20.060000	34.217427	-524.099001	
20.080000	34.221693	-524.783392	
20.100000	34.225950	-525.467868	
20.120000	34.230198	-526.152430	
20.140000	34.234438	-526.837076	
20.160000	34.238670	-527.521807	
20.180000	34.242893	-528.206623	
20.200000	34.247108	-528.891523	
20.220000	34.251315	-529.576507	
20.240000	34.255513	-530.261576	
20.260000	34.259703	-530.946728	
20.280000	34.263885	-531.631964	
20.300000	34.268058	-532.317283	
20.320000	34.272224	-533.002686	
20.340000	34.276381	-533.688172	
20.360000	34.280530	-534.373741	
20.380000	34.284670	-535.059393	
20.400000	34.288803	-535.745128	
20.420000	34.292928	-536.430946	
20.440000	34.297044	-537.116845	
20.460000	34.301152	-537.802827	
20.480000	34.305253	-538.488891	
20.500000	34.309345	-539.175037	
20.520000	34.313430	-539.861265	
20.540000	34.317506	-540.547575	
20.560000	34.321575	-541.233965	
20.580000	34.325635	-541.920438	
20.600000	34.329688	-542.606991	
20.620000	34.333733	-543.293625	
20.640000	34.337770	-543.980340	
20.660000	34.341800	-544.667136	
20.680000	34.345821	-545.354012	
20.700000	34.349835	-546.040969	
20.720000	34.353841	-546.728006	
20.740000	34.357839	-547.415122	
20.760000	34.361829	-548.102319	
20.780000	34.365812	-548.789596	
20.800000	34.369787	-549.476952	
20.820000	34.373755	-550.164387	
20.840000	34.377715	-550.851902	
20.860000	34.381667	-551.539496	
20.880000	34.385612	-552.227168	
20.900000	34.389549	-552.914920	
20.920000	34.393479	-553.602750	
20.940000	34.397401	-554.290659	
20.960000	34.401316	-554.978646	
20.980000	34.405223	-555.666712	
21.000000	34.409123	-556.354855	
21.020000	34.413015	-557.043077	
21.040000	34.416900	-557.731376	
21.060000	34.420778	-558.419753	
21.080000	34.424648	-559.108207	
21.100000	34.428511	-559.796739	
21.120000	34.432366	-560.485348	
21.140000	34.436214	-561.174033	
21.160000	34.440055	-561.862796	
21.180000	34.443889	-562.551636	
21.200000	34.447716	-563.240552	
21.220000	34.451535	-563.929544	
21.240000	34.455347	-564.618613	
21.260000	34.459152	-565.307758	
21.280000	34.462950	-565.996979	
21.300000	34.466741	-566.686276	
21.320000	34.470524	-567.375649	
21.340000	34.474301	-568.065097	
21.360000	34.478070	-568.754621	
21.380000	34.481832	-569.444220	
21.400000	34.485588	-570.133894	
21.420000	34.489336	-570.823643	
21.440000	34.493077	-571.513468	
21.460000	34.496811	-572.203366	
21.480000	34.500539	-572.893340	
21.500000	34.504259	-573.583388	
21.520000	34.507973	-574.273510	
21.540000	34.511679	-574.963707	
21.560000	34.515379	-575.653978	
21.580000	34.519072	-576.344322	
21.600000	34.522758	-577.034740	
21.620000	34.526437	-577.725232	
21.640000	34.530110	-578.415798	
21.660000	34.533775	-579.106437	
21.680000	34.537434	-579.797149	
21.700000	34.541086	-580.487934	
21.720000	34.544732	-581.178792	
21.740000	34.548370	-581.869723	
21.760000	34.552002	-582.560727	
21.780000	34.555628	-583.251803	
21.800000	34.559246	-583.942952	
21.820000	34.562858	-584.634173	
21.840000	34.566464	-585.325467	
21.860000	34.570063	-586.016832	
21.880000	34.573655	-586.708269	
21.900000	34.577241	-587.399778	
21.920000	34.580820	-588.091359	
21.940000	34.584392	-588.783011	
21.960000	34.587959	-589.474734	
21.980000	34.591518	-590.166529	
22.000000	34.595071	-590.858395	
22.020000	34.598618	-591.550332	
22.040000	34.602158	-592.242340	
22.060000	34.605692	-592.934418	
22.080000	34.609220	-593.626568	
22.100000	34.612741	-594.318787	
22.120000	34.616255	-595.011077	
22.140000	34.619764	-595.703437	
22.160000	34.623266	-596.395868	
22.180000	34.626762	-597.088368	
22.200000	34.630251	-597.780938	
22.220000	34.633734	-598.473578	
22.240000	34.637211	-599.166288	
22.260000	34.640682	-599.859067	
22.280000	34.644146	-600.551915	
22.300000	34.647604	-601.244832	
22.320000	34.651056	-601.937819	
22.340000	34.654502	-602.630875	
22.360000	34.657941	-603.323999	
22.380000	34.661375	-604.017192	
22.400000	34.664802	-604.710454	
22.420000	34.668223	-605.403784	
22.440000	34.671639	-606.097183	
22.460000	34.675048	-606.790650	
22.480000	34.678451	-607.484185	
22.500000	34.681848	-608.177788	
22.520000	34.685238	-608.871459	
22.540000	34.688623	-609.565197	
22.560000	34.692002	-610.259004	
22.580000	34.695375	-610.952878	
22.600000	34.698742	-611.646819	
22.620000	34.702103	-612.340827	
22.640000	34.705458	-613.034903	
22.660000	34.708807	-613.729046	
22.680000	34.712150	-614.423255	
22.700000	34.715488	-615.117532	
22.720000	34.718819	-615.811875	
22.740000	34.722145	-616.506284	
22.760000	34.725464	-617.200760	
22.780000	34.728778	-617.895303	
22.800000	34.732086	-618.589912	
22.820000	34.735389	-619.284586	
22.840000	34.738685	-619.979327	
22.860000	34.741976	-620.674134	
22.880000	34.745261	-621.369006	
22.900000	34.748540	-622.063944	
22.920000	34.751814	-622.758948	
22.940000	34.755082	-623.454017	
22.960000	34.758344	-624.149151	
22.980000	34.761600	-624.844351	
23.000000	34.764851	-625.539615	
23.020000	34.768096	-626.234945	
23.040000	34.771336	-626.930339	
23.060000	34.774569	-627.625798	
23.080000	34.777798	-628.321322	
23.100000	34.781020	-629.016910	
23.120000	34.784237	-629.712562	
23.140000	34.787449	-630.408279	
23.160000	34.790655	-631.104060	
23.180000	34.793855	-631.799906	
23.200000	34.797050	-632.495815	
23.220000	34.800240	-633.191788	
23.240000	34.803424	-633.887824	
23.260000	34.806602	-634.583925	
23.280000	34.809775	-635.280088	
23.300000	34.812943	-635.976316	
23.320000	34.816105	-636.672606	
23.340000	34.819262	-637.368960	
23.360000	34.822413	-638.065377	
23.380000	34.825559	-638.761856	
23.400000	34.828700	-639.458399	
23.420000	34.831835	-640.155004	
23.440000	34.834965	-640.851672	
23.460000	34.838089	-641.548403	
23.480000	34.841208	-642.245196	
23.500000	34.844322	-642.942051	
23.520000	34.847431	-643.638969	
23.540000	34.850534	-644.335948	
23.560000	34.853632	-645.032990	
23.580000	34.856725	-645.730094	
23.600000	34.859812	-646.427259	
23.620000	34.862895	-647.124486	
23.640000	34.865972	-647.821775	
23.660000	34.869044	-648.519125	
23.680000	34.872110	-649.216537	
23.700000	34.875172	-649.914009	
23.720000	34.878228	-650.611544	
23.740000	34.881279	-651.309139	
23.760000	34.884325	-652.006795	
23.780000	34.887366	-652.704512	
23.800000	34.890402	-653.402289	
23.820000	34.893433	-654.100128	
23.840000	34.896459	-654.798027	
23.860000	34.899479	-655.495986	
23.880000	34.902495	-656.194006	
23.900000	34.905505	-656.892086	
23.920000	34.908510	-657.590226	
23.940000	34.911511	-658.288426	
23.960000	34.914506	-658.986686	
23.980000	34.917497	-659.685007	
24.000000	34.920482	-660.383386	
24.020000	34.923463	-661.081826	
24.040000	34.926438	-661.780325	
24.060000	34.929409	-662.478883	
24.080000	34.932374	-663.177501	
24.100000	34.935335	-663.876178	
24.120000	34.938291	-664.574915	
24.140000	34.941242	-665.273710	
24.160000	34.944188	-665.972564	
24.180000	34.947129	-666.671477	
24.200000	34.950065	-667.370449	
24.220000	34.952996	-668.069480	
24.240000	34.955923	-668.768569	
24.260000	34.958845	-669.467717	
24.280000	34.961762	-670.166923	
24.300000	34.964674	-670.866187	
24.320000	34.967581	-671.565510	
24.340000	34.970484	-672.264891	
24.360000	34.973381	-672.964329	
24.380000	34.976274	-673.663826	
24.400000	34.979163	-674.363380	
24.420000	34.982046	-675.062992	
24.440000	34.984925	-675.762662	
24.460000	34.987799	-676.462389	
24.480000	34.990669	-677.162174	
24.500000	34.993534	-677.862016	
24.520000	34.996394	-678.561915	
24.540000	34.999249	-679.261872	
24.560000	35.002100	-679.961885	
24.580000	35.004946	-680.661956	
24.600000	35.007787	-681.362083	
24.620000	35.010624	-682.062267	
24.640000	35.013457	-682.762508	
24.660000	35.016284	-683.462806	
24.680000	35.019107	-684.163160	
24.700000	35.021926	-684.863570	
24.720000	35.024740	-685.564037	
24.740000	35.027549	-686.264560	
24.760000	35.030354	-686.965139	
24.780000	35.033155	-687.665774	
24.800000	35.035950	-688.366465	
24.820000	35.038742	-689.067212	
24.840000	35.041529	-689.768014	
24.860000	35.044311	-690.468873	
24.880000	35.047089	-691.169787	
24.900000	35.049862	-691.870756	
24.920000	35.052631	-692.571781	
24.940000	35.055396	-693.272862	
24.960000	35.058156	-693.973997	
24.980000	35.060912	-694.675188	
