0.020000	0.018310	-226.553634	
0.040000	0.036619	-226.554183	
0.060000	0.054927	-226.555099	
0.080000	0.073235	-226.556380	
0.100000	0.091540	-226.558028	
0.120000	0.109843	-226.560042	
0.140000	0.128143	-226.562422	
0.160000	0.146440	-226.565167	
0.180000	0.164734	-226.568279	
0.200000	0.183023	-226.571757	
0.220000	0.201308	-226.575600	
0.240000	0.219588	-226.579809	
0.260000	0.237863	-226.584384	
0.280000	0.256131	-226.589324	
0.300000	0.274394	-226.594629	
0.320000	0.292650	-226.600299	
0.340000	0.310898	-226.606335	
0.360000	0.329139	-226.612735	
0.380000	0.347372	-226.619500	
0.400000	0.365596	-226.626630	
0.420000	0.383812	-226.634124	
0.440000	0.402018	-226.641983	
0.460000	0.420214	-226.650205	
0.480000	0.438400	-226.658791	
0.500000	0.456575	-226.667741	
0.520000	0.474739	-226.677054	
0.540000	0.492892	-226.686731	
0.560000	0.511032	-226.696770	
0.580000	0.529160	-226.707172	
0.600000	0.547276	-226.717936	
0.620000	0.565378	-226.729063	
0.640000	0.583466	-226.740551	
0.660000	0.601540	-226.752402	
0.680000	0.619600	-226.764613	
0.700000	0.637645	-226.777186	
0.720000	0.655674	-226.790119	
0.740000	0.673688	-226.803413	
0.760000	0.691686	-226.817066	
0.780000	0.709667	-226.831080	
0.800000	0.727631	-226.845453	
0.820000	0.745577	-226.860185	
0.840000	0.763506	-226.875276	
0.860000	0.781416	-226.890725	
0.880000	0.799308	-226.906533	
0.900000	0.817181	-226.922698	
0.920000	0.835035	-226.939220	
0.940000	0.852869	-226.956099	
0.960000	0.870683	-226.973335	
0.980000	0.888476	-226.990926	
1.000000	0.906248	-227.008874	
1.020000	0.923999	-227.027176	
1.040000	0.941729	-227.045834	
1.060000	0.959436	-227.064846	
1.080000	0.977121	-227.084211	
1.100000	0.994783	-227.103930	
1.120000	1.012422	-227.124003	
1.140000	1.030038	-227.144427	
1.160000	1.047630	-227.165204	
1.180000	1.065197	-227.186332	
1.200000	1.082740	-227.207812	
1.220000	1.100259	-227.229642	
1.240000	1.117751	-227.251822	
1.260000	1.135219	-227.274352	
1.280000	1.152660	-227.297231	
1.300000	1.170075	-227.320459	
1.320000	1.187464	-227.344034	
1.340000	1.204825	-227.367957	
1.360000	1.222160	-227.392227	
1.380000	1.239467	-227.416844	
1.400000	1.256746	-227.441806	
1.420000	1.273996	-227.467113	
1.440000	1.291219	-227.492766	
1.460000	1.308412	-227.518762	
1.480000	1.325577	-227.545102	
1.500000	1.342712	-227.571785	
1.520000	1.359817	-227.598811	
1.540000	1.376892	-227.626178	
1.560000	1.393937	-227.653886	
1.580000	1.410951	-227.681935	
1.600000	1.427935	-227.710324	
1.620000	1.444887	-227.739053	
1.640000	1.461808	-227.768120	
1.660000	1.478698	-227.797525	
1.680000	1.495555	-227.827268	
1.700000	1.512380	-227.857347	
1.720000	1.529173	-227.887763	
1.740000	1.545933	-227.918514	
1.760000	1.562659	-227.949600	
1.780000	1.579353	-227.981021	
1.800000	1.596013	-228.012774	
1.820000	1.612640	-228.044861	
1.840000	1.629232	-228.077280	
1.860000	1.645790	-228.110030	
1.880000	1.662314	-228.143112	
1.900000	1.678803	-228.176523	
1.920000	1.695257	-228.210264	
1.940000	1.711677	-228.244333	
1.960000	1.728060	-228.278731	
1.980000	1.744409	-228.313456	
2.000000	1.760721	-228.348507	
2.020000	1.776998	-228.383884	
2.040000	1.793238	-228.419587	
2.060000	1.809442	-228.455614	
2.080000	1.825609	-228.491965	
2.100000	1.841740	-228.528638	
2.120000	1.857834	-228.565634	
2.140000	1.873890	-228.602952	
2.160000	1.889910	-228.640590	
2.180000	1.905891	-228.678548	
2.200000	1.921836	-228.716826	
2.220000	1.937742	-228.755422	
2.240000	1.953610	-228.794335	
2.260000	1.969441	-228.833566	
2.280000	1.985232	-228.873113	
2.300000	2.000986	-228.912975	
2.320000	2.016701	-228.953152	
2.340000	2.032377	-228.993643	
2.360000	2.048014	-229.034447	
2.380000	2.063612	-229.075564	
2.400000	2.079171	-229.116992	
2.420000	2.094690	-229.158731	
2.440000	2.110170	-229.200779	
2.460000	2.125610	-229.243137	
2.480000	2.141011	-229.285804	
2.500000	2.156372	-229.328778	
2.520000	2.171693	-229.372059	
2.540000	2.186974	-229.415646	
2.560000	2.202214	-229.459538	
2.580000	2.217415	-229.503734	
2.600000	2.232575	-229.548234	
2.620000	2.247694	-229.593037	
2.640000	2.262773	-229.638142	
2.660000	2.277811	-229.683548	
2.680000	2.292809	-229.729254	
2.700000	2.307765	-229.775260	
2.720000	2.322681	-229.821565	
2.740000	2.337555	-229.868168	
2.760000	2.352388	-229.915067	
2.780000	2.367181	-229.962263	
2.800000	2.381931	-230.009755	
2.820000	2.396641	-230.057540	
2.840000	2.411309	-230.105620	
2.860000	2.425936	-230.153993	
2.880000	2.440521	-230.202658	
2.900000	2.455064	-230.251614	
2.920000	2.469566	-230.300860	
2.940000	2.484026	-230.350396	
2.960000	2.498444	-230.400221	
2.980000	2.512821	-230.450334	
3.000000	2.527155	-230.500734	
3.020000	2.541448	-230.551420	
3.040000	2.555699	-230.602392	
3.060000	2.569908	-230.653648	
3.080000	2.584075	-230.705188	
3.100000	2.598199	-230.757011	
3.120000	2.612282	-230.809116	
3.140000	2.626323	-230.861502	
3.160000	2.640321	-230.914169	
3.180000	2.654277	-230.967115	
3.200000	2.668191	-231.020340	
3.220000	2.682063	-231.073843	
3.240000	2.695893	-231.127623	
3.260000	2.709681	-231.181679	
3.280000	2.723426	-231.236010	
3.300000	2.737129	-231.290616	
3.320000	2.750790	-231.345495	
3.340000	2.764408	-231.400647	
3.360000	2.777985	-231.456071	
3.380000	2.791519	-231.511767	
3.400000	2.805011	-231.567732	
3.420000	2.818461	-231.623967	
3.440000	2.831868	-231.680471	
3.460000	2.845233	-231.737242	
3.480000	2.858556	-231.794280	
3.500000	2.871837	-231.851584	
3.520000	2.885076	-231.909153	
3.540000	2.898272	-231.966987	
3.560000	2.911427	-232.025084	
3.580000	2.924539	-232.083444	
3.600000	2.937610	-232.142066	
3.620000	2.950638	-232.200949	
3.640000	2.963624	-232.260091	
3.660000	2.976568	-232.319494	
3.680000	2.989470	-232.379154	
3.700000	3.002331	-232.439072	
3.720000	3.015149	-232.499247	
3.740000	3.027925	-232.559678	
3.760000	3.040660	-232.620364	
3.780000	3.053353	-232.681305	
3.800000	3.066004	-232.742499	
3.820000	3.078614	-232.803945	
3.840000	3.091182	-232.865643	
3.860000	3.103708	-232.927592	
3.880000	3.116193	-232.989791	
3.900000	3.128636	-233.052240	
3.920000	3.141038	-233.114937	
3.940000	3.153398	-233.177881	
3.960000	3.165717	-233.241073	
3.980000	3.177995	-233.304510	
4.000000	3.190231	-233.368193	
4.020000	3.202426	-233.432119	
4.040000	3.214581	-233.496290	
4.060000	3.226694	-233.560703	
4.080000	3.238766	-233.625357	
4.100000	3.250797	-233.690253	
4.120000	3.262788	-233.755389	
4.140000	3.274737	-233.820765	
4.160000	3.286646	-233.886379	
4.180000	3.298514	-233.952231	
4.200000	3.310342	-234.018319	
4.220000	3.322129	-234.084644	
4.240000	3.333876	-234.151204	
4.260000	3.345582	-234.217999	
4.280000	3.357248	-234.285028	
4.300000	3.368874	-234.352289	
4.320000	3.380460	-234.419783	
4.340000	3.392005	-234.487508	
4.360000	3.403511	-234.555463	
4.380000	3.414977	-234.623648	
4.400000	3.426403	-234.692062	
4.420000	3.437789	-234.760704	
4.440000	3.449136	-234.829574	
4.460000	3.460443	-234.898670	
4.480000	3.471710	-234.967991	
4.500000	3.482938	-235.037538	
4.520000	3.494127	-235.107309	
4.540000	3.505277	-235.177303	
4.560000	3.516387	-235.247520	
4.580000	3.527459	-235.317959	
4.600000	3.538492	-235.388618	
4.620000	3.549485	-235.459498	
4.640000	3.560440	-235.530598	
4.660000	3.571357	-235.601916	
4.680000	3.582234	-235.673452	
4.700000	3.593074	-235.745205	
4.720000	3.603874	-235.817175	
4.740000	3.614637	-235.889360	
4.760000	3.625361	-235.961760	
4.780000	3.636048	-236.034375	
4.800000	3.646696	-236.107202	
4.820000	3.657307	-236.180242	
4.840000	3.667879	-236.253495	
4.860000	3.678415	-236.326958	
4.880000	3.688912	-236.400631	
4.900000	3.699372	-236.474514	
4.920000	3.709795	-236.548606	
4.940000	3.720180	-236.622906	
4.960000	3.730528	-236.697413	
4.980000	3.740839	-236.772127	
5.000000	3.751114	-236.847047	
5.020000	3.761351	-236.922172	
5.040000	3.771552	-236.997501	
5.060000	3.781716	-237.073034	
5.080000	3.791843	-237.148769	
5.100000	3.801934	-237.224707	
5.120000	3.811989	-237.300847	
5.140000	3.822008	-237.377187	
5.160000	3.831991	-237.453727	
5.180000	3.841937	-237.530467	
5.200000	3.851848	-237.607405	
5.220000	3.861723	-237.684540	
5.240000	3.871563	-237.761874	
5.260000	3.881367	-237.839403	
5.280000	3.891136	-237.917128	
5.300000	3.900869	-237.995048	
5.320000	3.910567	-238.073163	
5.340000	3.920230	-238.151471	
5.360000	3.929859	-238.229972	
5.380000	3.939452	-238.308665	
5.400000	3.949011	-238.387550	
5.420000	3.958536	-238.466626	
5.440000	3.968025	-238.545892	
5.460000	3.977481	-238.625347	
5.480000	3.986903	-238.704991	
5.500000	3.996290	-238.784823	
5.520000	4.005643	-238.864843	
5.540000	4.014963	-238.945049	
5.560000	4.024249	-239.025441	
5.580000	4.033501	-239.106019	
5.600000	4.042720	-239.186781	
5.620000	4.051906	-239.267728	
5.640000	4.061059	-239.348857	
5.660000	4.070178	-239.430170	
5.680000	4.079265	-239.511664	
5.700000	4.088318	-239.593340	
5.720000	4.097339	-239.675197	
5.740000	4.106328	-239.757234	
5.760000	4.115284	-239.839450	
5.780000	4.124208	-239.921845	
5.800000	4.133100	-240.004419	
5.820000	4.141960	-240.087169	
5.840000	4.150787	-240.170097	
5.860000	4.159584	-240.253201	
5.880000	4.168348	-240.336480	
5.900000	4.177081	-240.419935	
5.920000	4.185783	-240.503564	
5.940000	4.194454	-240.587366	
5.960000	4.203093	-240.671342	
5.980000	4.211702	-240.755490	
6.000000	4.220280	-240.839810	
6.020000	4.228827	-240.924301	
6.040000	4.237344	-241.008963	
6.060000	4.245830	-241.093795	
6.080000	4.254287	-241.178796	
6.100000	4.262713	-241.263966	
6.120000	4.271109	-241.349305	
6.140000	4.279476	-241.434811	
6.160000	4.287813	-241.520484	
6.180000	4.296120	-241.606323	
6.200000	4.304398	-241.692329	
6.220000	4.312647	-241.778499	
6.240000	4.320867	-241.864834	
6.260000	4.329059	-241.951334	
6.280000	4.337221	-242.037997	
6.300000	4.345355	-242.124823	
6.320000	4.353460	-242.211811	
6.340000	4.361537	-242.298961	
6.360000	4.369587	-242.386272	
6.380000	4.377608	-242.473745	
6.400000	4.385601	-242.561377	
6.420000	4.393567	-242.649169	
6.440000	4.401505	-242.737119	
6.460000	4.409416	-242.825229	
6.480000	4.417300	-242.913496	
6.500000	4.425157	-243.001921	
6.520000	4.432987	-243.090502	
6.540000	4.440791	-243.179240	
6.560000	4.448568	-243.268134	
6.580000	4.456319	-243.357183	
6.600000	4.464043	-243.446387	
6.620000	4.471742	-243.535745	
6.640000	4.479415	-243.625256	
6.660000	4.487062	-243.714921	
6.680000	4.494684	-243.804739	
6.700000	4.502281	-243.894709	
6.720000	4.509852	-243.984830	
6.740000	4.517399	-244.075103	
6.760000	4.524921	-244.165526	
6.780000	4.532419	-244.256100	
6.800000	4.539892	-244.346823	
6.820000	4.547341	-244.437695	
6.840000	4.554766	-244.528717	
6.860000	4.562167	-244.619886	
6.880000	4.569545	-244.711203	
6.900000	4.576899	-244.802668	
6.920000	4.584230	-244.894279	
6.940000	4.591538	-244.986037	
6.960000	4.598824	-245.077941	
6.980000	4.606087	-245.169990	
7.000000	4.613327	-245.262184	
7.020000	4.620545	-245.354523	
7.040000	4.627741	-245.447006	
7.060000	4.634916	-245.539633	
7.080000	4.642069	-245.632403	
7.100000	4.649201	-245.725315	
7.120000	4.656311	-245.818371	
7.140000	4.663401	-245.911568	
7.160000	4.670470	-246.004907	
7.180000	4.677518	-246.098387	
7.200000	4.684547	-246.192007	
7.220000	4.691555	-246.285769	
7.240000	4.698543	-246.379670	
7.260000	4.705512	-246.473710	
7.280000	4.712462	-246.567890	
7.300000	4.719393	-246.662209	
7.320000	4.726305	-246.756666	
7.340000	4.733198	-246.851261	
7.360000	4.740073	-246.945994	
7.380000	4.746930	-247.040864	
7.400000	4.753769	-247.135871	
7.420000	4.760591	-247.231015	
7.440000	4.767395	-247.326295	
7.460000	4.774182	-247.421710	
7.480000	4.780953	-247.517262	
7.500000	4.787707	-247.612949	
7.520000	4.794445	-247.708770	
7.540000	4.801167	-247.804726	
7.560000	4.807873	-247.900817	
7.580000	4.814564	-247.997041	
7.600000	4.821240	-248.093399	
7.620000	4.827901	-248.189891	
7.640000	4.834547	-248.286515	
7.660000	4.841179	-248.383273	
7.680000	4.847798	-248.480163	
7.700000	4.854403	-248.577185	
7.720000	4.860994	-248.674339	
7.740000	4.867573	-248.771624	
7.760000	4.874139	-248.869042	
7.780000	4.880693	-248.966590	
7.800000	4.887234	-249.064269	
7.820000	4.893764	-249.162079	
7.840000	4.900283	-249.260020	
7.860000	4.906791	-249.358091	
7.880000	4.913288	-249.456291	
7.900000	4.919775	-249.554622	
7.920000	4.926252	-249.653083	
7.940000	4.932720	-249.751672	
7.960000	4.939178	-249.850391	
7.980000	4.945628	-249.949239	
8.000000	4.952069	-250.048216	
8.020000	4.958503	-250.147322	
8.040000	4.964929	-250.246557	
8.060000	4.971347	-250.345919	
8.080000	4.977759	-250.445410	
8.100000	4.984164	-250.545030	
8.120000	4.990564	-250.644777	
8.140000	4.996957	-250.744652	
8.160000	5.003346	-250.844655	
8.180000	5.009730	-250.944786	
8.200000	5.016110	-251.045045	
8.220000	5.022486	-251.145430	
8.240000	5.028859	-251.245944	
8.260000	5.035229	-251.346585	
8.280000	5.041597	-251.447353	
8.300000	5.047963	-251.548249	
8.320000	5.054327	-251.649272	
8.340000	5.060691	-251.750422	
8.360000	5.067054	-251.851699	
8.380000	5.073418	-251.953104	
8.400000	5.079782	-252.054636	
8.420000	5.086147	-252.156295	
8.440000	5.092514	-252.258082	
8.460000	5.098883	-252.359996	
8.480000	5.105256	-252.462037	
8.500000	5.111631	-252.564206	
8.520000	5.118011	-252.666502	
8.540000	5.124395	-252.768927	
8.560000	5.130785	-252.871478	
8.580000	5.137180	-252.974158	
8.600000	5.143582	-253.076966	
8.620000	5.149991	-253.179901	
8.640000	5.156407	-253.282965	
8.660000	5.162832	-253.386157	
8.680000	5.169266	-253.489478	
8.700000	5.175710	-253.592928	
8.720000	5.182164	-253.696507	
8.740000	5.188629	-253.800215	
8.760000	5.195106	-253.904052	
8.780000	5.201596	-254.008019	
8.800000	5.208099	-254.112116	
8.820000	5.214616	-254.216343	
8.840000	5.221147	-254.320700	
8.860000	5.227694	-254.425189	
8.880000	5.234258	-254.529808	
8.900000	5.240838	-254.634559	
8.920000	5.247437	-254.739442	
8.940000	5.254054	-254.844457	
8.960000	5.260691	-254.949604	
8.980000	5.267349	-255.054884	
9.000000	5.274028	-255.160298	
9.020000	5.280729	-255.265845	
9.040000	5.287453	-255.371527	
9.060000	5.294201	-255.477344	
9.080000	5.300975	-255.583295	
9.100000	5.307774	-255.689382	
9.120000	5.314600	-255.795606	
9.140000	5.321454	-255.901967	
9.160000	5.328337	-256.008464	
9.180000	5.335250	-256.115100	
9.200000	5.342194	-256.221874	
9.220000	5.349170	-256.328788	
9.240000	5.356179	-256.435841	
9.260000	5.363223	-256.543035	
9.280000	5.370301	-256.650370	
9.300000	5.377416	-256.757847	
9.320000	5.384569	-256.865467	
9.340000	5.391760	-256.973230	
9.360000	5.398991	-257.081137	
9.380000	5.406263	-257.189189	
9.400000	5.413578	-257.297388	
9.420000	5.420936	-257.405732	
9.440000	5.428339	-257.514225	
9.460000	5.435789	-257.622866	
9.480000	5.443285	-257.731657	
9.500000	5.450831	-257.840597	
9.520000	5.458426	-257.949690	
9.540000	5.466074	-258.058935	
9.560000	5.473774	-258.168333	
9.580000	5.481528	-258.277885	
9.600000	5.489338	-258.387594	
9.620000	5.497206	-258.497459	
9.640000	5.505132	-258.607482	
9.660000	5.513118	-258.717664	
9.680000	5.521167	-258.828007	
9.700000	5.529278	-258.938511	
9.720000	5.537455	-259.049178	
9.740000	5.545698	-259.160009	
9.760000	5.554010	-259.271006	
9.780000	5.562391	-259.382170	
9.800000	5.570844	-259.493502	
9.820000	5.579370	-259.605003	
9.840000	5.587971	-259.716676	
9.860000	5.596649	-259.828522	
9.880000	5.605405	-259.940542	
9.900000	5.614242	-260.052738	
9.920000	5.623161	-260.165112	
9.940000	5.632165	-260.277665	
9.960000	5.641254	-260.390399	
9.980000	5.650432	-260.503315	
10.000000	5.659699	-260.616416	
10.020000	5.669059	-260.729703	
10.040000	5.678512	-260.843178	
10.060000	5.688062	-260.956843	
10.080000	5.697709	-261.070701	
10.100000	5.707457	-261.184752	
10.120000	5.717308	-261.298999	
10.140000	5.727263	-261.413444	
10.160000	5.737325	-261.528089	
10.180000	5.747496	-261.642937	
10.200000	5.757779	-261.757989	
10.220000	5.768175	-261.873248	
10.240000	5.778688	-261.988716	
10.260000	5.789319	-262.104396	
10.280000	5.800071	-262.220289	
10.300000	5.810947	-262.336399	
10.320000	5.821949	-262.452727	
10.340000	5.833079	-262.569277	
10.360000	5.844341	-262.686050	
10.380000	5.855737	-262.803050	
10.400000	5.867270	-262.920280	
10.420000	5.878943	-263.037741	
10.440000	5.890758	-263.155437	
10.460000	5.902718	-263.273371	
10.480000	5.914827	-263.391546	
10.500000	5.927087	-263.509964	
10.520000	5.939503	-263.628629	
10.540000	5.952076	-263.747544	
10.560000	5.964811	-263.866713	
10.580000	5.977711	-263.986137	
10.600000	5.990779	-264.105821	
10.620000	6.004020	-264.225768	
10.640000	6.017437	-264.345982	
10.660000	6.031034	-264.466466	
10.680000	6.044815	-264.587223	
10.700000	6.058786	-264.708258	
10.720000	6.072950	-264.829575	
10.740000	6.087312	-264.951176	
10.760000	6.101878	-265.073067	
10.780000	6.116652	-265.195251	
10.800000	6.131642	-265.317733	
10.820000	6.146852	-265.440517	
10.840000	6.162289	-265.563607	
10.860000	6.177961	-265.687008	
10.880000	6.193875	-265.810726	
10.900000	6.210038	-265.934763	
10.920000	6.226459	-266.059127	
10.940000	6.243148	-266.183822	
10.960000	6.260115	-266.308853	
10.980000	6.277371	-266.434226	
11.000000	6.294927	-266.559948	
11.020000	6.312797	-266.686024	
11.040000	6.330995	-266.812460	
11.060000	6.349537	-266.939263	
11.080000	6.368439	-267.066441	
11.100000	6.387721	-267.194001	
11.120000	6.407403	-267.321950	
11.140000	6.427508	-267.450297	
11.160000	6.448061	-267.579050	
11.180000	6.469090	-267.708219	
11.200000	6.490626	-267.837814	
11.220000	6.512702	-267.967844	
11.240000	6.535358	-268.098322	
11.260000	6.558634	-268.229259	
11.280000	6.582578	-268.360667	
11.300000	6.607240	-268.492562	
11.320000	6.632679	-268.624957	
11.340000	6.658958	-268.757869	
11.360000	6.686149	-268.891315	
11.380000	6.714330	-269.025315	
11.400000	6.743590	-269.159889	
11.420000	6.774026	-269.295059	
11.440000	6.805747	-269.430850	
11.460000	6.838875	-269.567289	
11.480000	6.873543	-269.704405	
11.500000	6.909903	-269.842230	
11.520000	6.948120	-269.980801	
11.540000	6.988380	-270.120155	
11.560000	7.030889	-270.260336	
11.580000	7.075875	-270.401391	
11.600000	7.123591	-270.543371	
11.620000	7.174320	-270.686334	
11.640000	7.228372	-270.830344	
11.660000	7.286091	-270.975469	
11.680000	7.347859	-271.121787	
11.700000	7.414097	-271.269383	
11.720000	7.485267	-271.418351	
11.740000	7.561880	-271.568794	
11.760000	7.644495	-271.720826	
11.780000	7.733726	-271.874574	
11.800000	7.830245	-272.030175	
11.820000	7.934782	-272.187784	
11.840000	8.048133	-272.347567	
11.860000	8.171158	-272.509709	
11.880000	8.304785	-272.674413	
11.900000	8.450013	-272.841900	
11.920000	8.607906	-273.012414	
11.940000	8.779594	-273.186217	
11.960000	8.966269	-273.363597	
11.980000	9.169181	-273.544867	
12.000000	9.389621	-273.730365	
12.020000	9.628916	-273.920452	
12.040000	9.888409	-274.115521	
12.060000	10.169438	-274.315989	
12.080000	10.473311	-274.522299	
12.100000	10.801277	-274.734921	
12.120000	11.154489	-274.954350	
12.140000	11.533967	-275.181101	
12.160000	11.940552	-275.415708	
12.180000	12.374863	-275.658723	
12.200000	12.837247	-275.910703	
12.220000	13.327732	-276.172213	
12.240000	13.845984	-276.443812	
12.260000	14.391267	-276.726052	
12.280000	14.962412	-277.019463	
12.300000	15.557798	-277.324549	
12.320000	16.175344	-277.641775	
12.340000	16.812523	-277.971562	
12.360000	17.466387	-278.314276	
12.380000	18.133614	-278.670218	
12.400000	18.810567	-279.039620	
12.420000	19.493376	-279.422640	
12.440000	20.178025	-279.819355	
12.460000	20.860447	-280.229761	
12.480000	21.536626	-280.653773	
12.500000	22.202691	-281.091226	
12.520000	22.855007	-281.541881	
12.540000	23.490250	-282.005427	
12.560000	24.105472	-282.481491	
12.580000	24.698147	-282.969646	
12.600000	25.266196	-283.469417	
12.620000	25.808001	-283.980294	
12.640000	26.322395	-284.501737	
12.660000	26.808647	-285.033189	
12.680000	27.266427	-285.574083	
12.700000	27.695772	-286.123846	
12.720000	28.097037	-286.681914	
12.740000	28.470848	-287.247728	
12.760000	28.818057	-287.820748	
12.780000	29.139696	-288.400450	
12.800000	29.436930	-288.986335	
12.820000	29.711021	-289.577927	
12.840000	29.963289	-290.174776	
12.860000	30.195088	-290.776459	
12.880000	30.407775	-291.382580	
12.900000	30.602691	-291.992770	
12.920000	30.781145	-292.606687	
12.940000	30.944399	-293.224016	
12.960000	31.093663	-293.844463	
12.980000	31.230081	-294.467762	
13.000000	31.354734	-295.093667	
13.020000	31.468634	-295.721952	
13.040000	31.572725	-296.352412	
13.060000	31.667883	-296.984861	
13.080000	31.754917	-297.619127	
13.100000	31.834572	-298.255057	
13.120000	31.907534	-298.892510	
13.140000	31.974429	-299.531359	
13.160000	32.035830	-300.171487	
13.180000	32.092261	-300.812792	
13.200000	32.144196	-301.455178	
13.220000	32.192067	-302.098560	
13.240000	32.236267	-302.742860	
13.260000	32.277152	-303.388010	
13.280000	32.315042	-304.033947	
13.300000	32.350229	-304.680612	
13.320000	32.382975	-305.327956	
13.340000	32.413519	-305.975931	
13.360000	32.442073	-306.624496	
13.380000	32.468832	-307.273614	
13.400000	32.493969	-307.923250	
13.420000	32.517641	-308.573373	
13.440000	32.539990	-309.223955	
13.460000	32.561143	-309.874972	
13.480000	32.581215	-310.526401	
13.500000	32.600309	-311.178221	
13.520000	32.618517	-311.830413	
13.540000	32.635923	-312.482962	
13.560000	32.652603	-313.135850	
13.580000	32.668625	-313.789066	
13.600000	32.684048	-314.442595	
13.620000	32.698929	-315.096428	
13.640000	32.713317	-315.750553	
13.660000	32.727256	-316.404960	
13.680000	32.740786	-317.059643	
13.700000	32.753943	-317.714592	
13.720000	32.766760	-318.369800	
13.740000	32.779267	-319.025262	
13.760000	32.791489	-319.680971	
13.780000	32.803451	-320.336922	
13.800000	32.815174	-320.993109	
13.820000	32.826678	-321.649529	
13.840000	32.837979	-322.306176	
13.860000	32.849095	-322.963048	
13.880000	32.860039	-323.620140	
13.900000	32.870823	-324.277449	
13.920000	32.881461	-324.934973	
13.940000	32.891962	-325.592708	
13.960000	32.902337	-326.250652	
13.980000	32.912593	-326.908801	
14.000000	32.922738	-327.567155	
14.020000	32.932781	-328.225711	
14.040000	32.942726	-328.884466	
14.060000	32.952581	-329.543420	
14.080000	32.962351	-330.202570	
14.100000	32.972040	-330.861914	
14.120000	32.981653	-331.521451	
14.140000	32.991194	-332.181180	
14.160000	33.000666	-332.841099	
14.180000	33.010074	-333.501207	
14.200000	33.019419	-334.161502	
14.220000	33.028706	-334.821984	
14.240000	33.037936	-335.482650	
14.260000	33.047112	-336.143501	
14.280000	33.056237	-336.804535	
14.300000	33.065311	-337.465750	
14.320000	33.074338	-338.127147	
14.340000	33.083318	-338.788724	
14.360000	33.092253	-339.450480	
14.380000	33.101145	-340.112414	
14.400000	33.109996	-340.774526	
14.420000	33.118805	-341.436814	
14.440000	33.127575	-342.099278	
14.460000	33.136307	-342.761917	
14.480000	33.145001	-343.424730	
14.500000	33.153658	-344.087717	
14.520000	33.162280	-344.750877	
14.540000	33.170867	-345.414208	
14.560000	33.179420	-346.077711	
14.580000	33.187940	-346.741385	
14.600000	33.196427	-347.405229	
14.620000	33.204881	-348.069242	
14.640000	33.213304	-348.733424	
14.660000	33.221697	-349.397774	
14.680000	33.230059	-350.062292	
14.700000	33.238391	-350.726977	
14.720000	33.246693	-351.391828	
14.740000	33.254967	-352.056844	
14.760000	33.263212	-352.722026	
14.780000	33.271428	-353.387373	
14.800000	33.279617	-354.052883	
14.820000	33.287779	-354.718557	
14.840000	33.295913	-355.384394	
14.860000	33.304021	-356.050394	
14.880000	33.312102	-356.716555	
14.900000	33.320157	-357.382878	
14.920000	33.328187	-358.049362	
14.940000	33.336190	-358.716006	
14.960000	33.344169	-359.382809	
14.980000	33.352122	-360.049772	
15.000000	33.360051	-360.716894	
15.020000	33.367955	-361.384174	
15.040000	33.375834	-362.051612	
15.060000	33.383690	-362.719208	
15.080000	33.391522	-363.386960	
15.100000	33.399330	-364.054869	
15.120000	33.407114	-364.722933	
15.140000	33.414876	-365.391153	
15.160000	33.422614	-366.059528	
15.180000	33.430330	-366.728058	
15.200000	33.438022	-367.396741	
15.220000	33.445692	-368.065579	
15.240000	33.453340	-368.734569	
15.260000	33.460966	-369.403712	
15.280000	33.468569	-370.073008	
15.300000	33.476151	-370.742455	
15.320000	33.483711	-371.412054	
15.340000	33.491249	-372.081803	
15.360000	33.498766	-372.751704	
15.380000	33.506262	-373.421754	
15.400000	33.513736	-374.091954	
15.420000	33.521190	-374.762303	
15.440000	33.528622	-375.432802	
15.460000	33.536034	-376.103448	
15.480000	33.543425	-376.774243	
15.500000	33.550796	-377.445185	
15.520000	33.558147	-378.116275	
15.540000	33.565477	-378.787511	
15.560000	33.572787	-379.458894	
15.580000	33.580076	-380.130423	
15.600000	33.587346	-380.802097	
15.620000	33.594597	-381.473917	
15.640000	33.601827	-382.145881	
15.660000	33.609038	-382.817990	
15.680000	33.616230	-383.490242	
15.700000	33.623402	-384.162639	
15.720000	33.630555	-384.835179	
15.740000	33.637688	-385.507861	
15.760000	33.644803	-386.180686	
15.780000	33.651899	-386.853653	
15.800000	33.658975	-387.526762	
15.820000	33.666033	-388.200012	
15.840000	33.673073	-388.873403	
15.860000	33.680093	-389.546935	
15.880000	33.687096	-390.220607	
15.900000	33.694080	-390.894419	
15.920000	33.701045	-391.568370	
15.940000	33.707992	-392.242461	
15.960000	33.714922	-392.916690	
15.980000	33.721833	-393.591058	
16.000000	33.728726	-394.265563	
16.020000	33.735601	-394.940207	
16.040000	33.742459	-395.614987	
16.060000	33.749298	-396.289905	
16.080000	33.756121	-396.964959	
16.100000	33.762925	-397.640150	
16.120000	33.769712	-398.315476	
16.140000	33.776482	-398.990938	
16.160000	33.783234	-399.666536	
16.180000	33.789969	-400.342268	
16.200000	33.796687	-401.018134	
16.220000	33.803388	-401.694135	
16.240000	33.810072	-402.370270	
16.260000	33.816739	-403.046538	
16.280000	33.823389	-403.722939	
16.300000	33.830022	-404.399474	
16.320000	33.836639	-405.076140	
16.340000	33.843239	-405.752939	
16.360000	33.849822	-406.429870	
16.380000	33.856389	-407.106932	
16.400000	33.862939	-407.784125	
16.420000	33.869473	-408.461450	
16.440000	33.875990	-409.138904	
16.460000	33.882492	-409.816489	
16.480000	33.888977	-410.494204	
16.500000	33.895446	-411.172048	
16.520000	33.901899	-411.850022	
16.540000	33.908336	-412.528124	
16.560000	33.914757	-413.206355	
16.580000	33.921162	-413.884715	
16.600000	33.927552	-414.563202	
16.620000	33.933926	-415.241817	
16.640000	33.940284	-415.920559	
16.660000	33.946626	-416.599428	
16.680000	33.952953	-417.278424	
16.700000	33.959265	-417.957546	
16.720000	33.965561	-418.636794	
16.740000	33.971841	-419.316168	
16.760000	33.978107	-419.995668	
16.780000	33.984357	-420.675293	
16.800000	33.990592	-421.355042	
16.820000	33.996812	-422.034916	
16.840000	34.003017	-422.714915	
16.860000	34.009207	-423.395037	
16.880000	34.015381	-424.075283	
16.900000	34.021542	-424.755652	
16.920000	34.027687	-425.436145	
16.940000	34.033817	-426.116760	
16.960000	34.039933	-426.797497	
16.980000	34.046034	-427.478357	
17.000000	34.052120	-428.159339	
17.020000	34.058192	-428.840442	
17.040000	34.064250	-429.521666	
17.060000	34.070293	-430.203012	
17.080000	34.076321	-430.884478	
17.100000	34.082335	-431.566065	
17.120000	34.088335	-432.247772	
17.140000	34.094321	-432.929598	
17.160000	34.100293	-433.611544	
17.180000	34.106250	-434.293610	
17.200000	34.112193	-434.975794	
17.220000	34.118123	-435.658098	
17.240000	34.124038	-436.340519	
17.260000	34.129940	-437.023059	
17.280000	34.135827	-437.705717	
17.300000	34.141701	-438.388492	
17.320000	34.147561	-439.071385	
17.340000	34.153408	-439.754395	
17.360000	34.159240	-440.437521	
17.380000	34.165059	-441.120764	
17.400000	34.170865	-441.804124	
17.420000	34.176657	-442.487599	
17.440000	34.182435	-443.171190	
17.460000	34.188201	-443.854896	
17.480000	34.193952	-444.538718	
17.500000	34.199691	-445.222654	
17.520000	34.205416	-445.906706	
17.540000	34.211128	-446.590871	
17.560000	34.216827	-447.275151	
17.580000	34.222512	-447.959544	
17.600000	34.228185	-448.644051	
17.620000	34.233844	-449.328672	
17.640000	34.239491	-450.013405	
17.660000	34.245125	-450.698251	
17.680000	34.250745	-451.383210	
17.700000	34.256353	-452.068281	
17.720000	34.261948	-452.753464	
17.740000	34.267530	-453.438759	
17.760000	34.273100	-454.124165	
17.780000	34.278657	-454.809683	
17.800000	34.284201	-455.495312	
17.820000	34.289733	-456.181051	
17.840000	34.295252	-456.866901	
17.860000	34.300759	-457.552861	
17.880000	34.306253	-458.238931	
17.900000	34.311735	-458.925111	
17.920000	34.317204	-459.611401	
17.940000	34.322661	-460.297799	
17.960000	34.328106	-460.984307	
17.980000	34.333539	-461.670924	
18.000000	34.338959	-462.357649	
18.020000	34.344367	-463.044482	
18.040000	34.349763	-463.731423	
18.060000	34.355147	-464.418472	
18.080000	34.360519	-465.105629	
18.100000	34.365879	-465.792893	
18.120000	34.371227	-466.480264	
18.140000	34.376564	-467.167742	
18.160000	34.381888	-467.855327	
18.180000	34.387200	-468.543018	
18.200000	34.392501	-469.230815	
18.220000	34.397790	-469.918718	
18.240000	34.403067	-470.606726	
18.260000	34.408333	-471.294841	
18.280000	34.413587	-471.983060	
18.300000	34.418829	-472.671384	
18.320000	34.424060	-473.359813	
18.340000	34.429279	-474.048346	
18.360000	34.434487	-474.736984	
18.380000	34.439683	-475.425726	
18.400000	34.444868	-476.114571	
18.420000	34.450042	-476.803521	
18.440000	34.455204	-477.492573	
18.460000	34.460355	-478.181729	
18.480000	34.465495	-478.870987	
18.500000	34.470624	-479.560349	
18.520000	34.475741	-480.249812	
18.540000	34.480847	-480.939378	
18.560000	34.485943	-481.629046	
18.580000	34.491027	-482.318816	
18.600000	34.496100	-483.008687	
18.620000	34.501162	-483.698660	
18.640000	34.506213	-484.388734	
18.660000	34.511253	-485.078908	
18.680000	34.516283	-485.769184	
18.700000	34.521301	-486.459560	
18.720000	34.526309	-487.150036	
18.740000	34.531306	-487.840612	
18.760000	34.536292	-488.531288	
18.780000	34.541268	-489.222064	
18.800000	34.546233	-489.912939	
18.820000	34.551187	-490.603913	
18.840000	34.556131	-491.294986	
18.860000	34.561064	-491.986158	
18.880000	34.565986	-492.677429	
18.900000	34.570898	-493.368798	
18.920000	34.575800	-494.060265	
18.940000	34.580691	-494.751830	
18.960000	34.585572	-495.443492	
18.980000	34.590443	-496.135253	
19.000000	34.595303	-496.827110	
19.020000	34.600152	-497.519065	
19.040000	34.604992	-498.211116	
19.060000	34.609821	-498.903264	
19.080000	34.614641	-499.595509	
19.100000	34.619450	-500.287850	
19.120000	34.624248	-500.980287	
19.140000	34.629037	-501.672820	
19.160000	34.633816	-502.365449	
19.180000	34.638585	-503.058173	
19.200000	34.643343	-503.750992	
19.220000	34.648092	-504.443906	
19.240000	34.652831	-505.136916	
19.260000	34.657560	-505.830020	
19.280000	34.662279	-506.523218	
19.300000	34.666988	-507.216511	
19.320000	34.671687	-507.909898	
19.340000	34.676377	-508.603378	
19.360000	34.681057	-509.296953	
19.380000	34.685727	-509.990621	
19.400000	34.690387	-510.684382	
19.420000	34.695038	-511.378236	
19.440000	34.699679	-512.072183	
19.460000	34.704311	-512.766223	
19.480000	34.708933	-513.460356	
19.500000	34.713545	-514.154581	
19.520000	34.718148	-514.848897	
19.540000	34.722742	-515.543306	
19.560000	34.727326	-516.237807	
19.580000	34.731900	-516.932399	
19.600000	34.736466	-517.627083	
19.620000	34.741021	-518.321858	
19.640000	34.745568	-519.016724	
19.660000	34.750105	-519.711681	
19.680000	34.754633	-520.406728	
19.700000	34.759152	-521.101866	
19.720000	34.763662	-521.797094	
19.740000	34.768162	-522.492413	
19.760000	34.772653	-523.187821	
19.780000	34.777135	-523.883319	
19.800000	34.781608	-524.578906	
19.820000	34.786072	-525.274583	
19.840000	34.790527	-525.970349	
19.860000	34.794973	-526.666204	
19.880000	34.799409	-527.362148	
19.900000	34.803837	-528.058180	
19.920000	34.808256	-528.754301	
19.940000	34.812666	-529.450511	
19.960000	34.817067	-530.146808	
19.980000	34.821460	-530.843193	
20.000000	34.825843	-531.539666	
20.020000	34.830218	-532.236227	
20.040000	34.834584	-532.932875	
20.060000	34.838941	-533.629610	
20.080000	34.843289	-534.326433	
20.100000	34.847629	-535.023342	
20.120000	34.851960	-535.720338	
20.140000	34.856282	-536.417420	
20.160000	34.860596	-537.114589	
20.180000	34.864902	-537.811844	
20.200000	34.869198	-538.509185	
20.220000	34.873486	-539.206612	
20.240000	34.877766	-539.904125	
20.260000	34.882037	-540.601723	
20.280000	34.886300	-541.299406	
20.300000	34.890554	-541.997175	
20.320000	34.894800	-542.695028	
20.340000	34.899037	-543.392967	
20.360000	34.903266	-544.090990	
20.380000	34.907487	-544.789098	
20.400000	34.911699	-545.487289	
20.420000	34.915904	-546.185565	
20.440000	34.920100	-546.883926	
20.460000	34.924287	-547.582369	
20.480000	34.928467	-548.280897	
20.500000	34.932638	-548.979508	
20.520000	34.936801	-549.678203	
20.540000	34.940956	-550.376980	
20.560000	34.945103	-551.075841	
20.580000	34.949241	-551.774784	
20.600000	34.953372	-552.473810	
20.620000	34.957495	-553.172919	
20.640000	34.961609	-553.872110	
20.660000	34.965716	-554.571384	
20.680000	34.969815	-555.270739	
20.700000	34.973905	-555.970176	
20.720000	34.977988	-556.669695	
20.740000	34.982063	-557.369296	
20.760000	34.986130	-558.068978	
20.780000	34.990189	-558.768741	
20.800000	34.994240	-559.468585	
20.820000	34.998284	-560.168510	
20.840000	35.002320	-560.868517	
20.860000	35.006348	-561.568603	
20.880000	35.010368	-562.268770	
20.900000	35.014380	-562.969018	
20.920000	35.018385	-563.669346	
20.940000	35.022382	-564.369753	
20.960000	35.026372	-565.070241	
20.980000	35.030353	-565.770808	
21.000000	35.034328	-566.471455	
21.020000	35.038294	-567.172181	
21.040000	35.042253	-567.872987	
21.060000	35.046205	-568.573871	
21.080000	35.050149	-569.274835	
21.100000	35.054085	-569.975877	
21.120000	35.058014	-570.676998	
21.140000	35.061936	-571.378198	
21.160000	35.065850	-572.079476	
21.180000	35.069757	-572.780832	
21.200000	35.073656	-573.482266	
21.220000	35.077548	-574.183778	
21.240000	35.081432	-574.885368	
21.260000	35.085310	-575.587035	
21.280000	35.089179	-576.288780	
21.300000	35.093042	-576.990603	
21.320000	35.096897	-577.692502	
21.340000	35.100746	-578.394479	
21.360000	35.104587	-579.096532	
21.380000	35.108420	-579.798662	
21.400000	35.112247	-580.500869	
21.420000	35.116066	-581.203152	
21.440000	35.119878	-581.905511	
21.460000	35.123683	-582.607947	
21.480000	35.127481	-583.310459	
21.500000	35.131272	-584.013046	
21.520000	35.135056	-584.715710	
21.540000	35.138833	-585.418449	
21.560000	35.142602	-586.121263	
21.580000	35.146365	-586.824153	
21.600000	35.150121	-587.527118	
21.620000	35.153870	-588.230157	
21.640000	35.157612	-588.933272	
21.660000	35.161346	-589.636462	
21.680000	35.165074	-590.339726	
21.700000	35.168796	-591.043065	
21.720000	35.172510	-591.746478	
21.740000	35.176217	-592.449965	
21.760000	35.179918	-593.153527	
21.780000	35.183611	-593.857162	
21.800000	35.187298	-594.560871	
21.820000	35.190979	-595.264654	
21.840000	35.194652	-595.968510	
21.860000	35.198319	-596.672440	
21.880000	35.201979	-597.376443	
21.900000	35.205632	-598.080519	
21.920000	35.209278	-598.784668	
21.940000	35.212918	-599.488890	
21.960000	35.216552	-600.193185	
21.980000	35.220178	-600.897552	
22.000000	35.223798	-601.601992	
22.020000	35.227412	-602.306504	
22.040000	35.231018	-603.011089	
22.060000	35.234619	-603.715745	
22.080000	35.238212	-604.420473	
22.100000	35.241800	-605.125274	
22.120000	35.245380	-605.830145	
22.140000	35.248955	-606.535089	
22.160000	35.252523	-607.240104	
22.180000	35.256084	-607.945190	
22.200000	35.259639	-608.650347	
22.220000	35.263187	-609.355575	
22.240000	35.266729	-610.060874	
22.260000	35.270265	-610.766244	
22.280000	35.273794	-611.471685	
22.300000	35.277317	-612.177196	
22.320000	35.280834	-612.882778	
22.340000	35.284344	-613.588429	
22.360000	35.287849	-614.294151	
22.380000	35.291346	-614.999943	
22.400000	35.294838	-615.705805	
22.420000	35.298323	-616.411737	
22.440000	35.301802	-617.117738	
22.460000	35.305275	-617.823809	
22.480000	35.308742	-618.529949	
22.500000	35.312202	-619.236159	
22.520000	35.315657	-619.942437	
22.540000	35.319105	-620.648785	
22.560000	35.322547	-621.355202	
22.580000	35.325983	-622.061687	
22.600000	35.329413	-622.768241	
22.620000	35.332837	-623.474863	
22.640000	35.336254	-624.181554	
22.660000	35.339666	-624.888314	
22.680000	35.343072	-625.595141	
22.700000	35.346471	-626.302036	
22.720000	35.349865	-627.009000	
22.740000	35.353253	-627.716031	
22.760000	35.356634	-628.423130	
22.780000	35.360010	-629.130296	
22.800000	35.363380	-629.837530	
22.820000	35.366744	-630.544832	
22.840000	35.370102	-631.252200	
22.860000	35.373454	-631.959636	
22.880000	35.376800	-632.667138	
22.900000	35.380141	-633.374708	
22.920000	35.383475	-634.082344	
22.940000	35.386804	-634.790047	
22.960000	35.390127	-635.497816	
22.980000	35.393444	-636.205652	
23.000000	35.396755	-636.913554	
23.020000	35.400061	-637.621522	
23.040000	35.403361	-638.329556	
23.060000	35.406655	-639.037656	
23.080000	35.409943	-639.745822	
23.100000	35.413226	-640.454054	
23.120000	35.416503	-641.162351	
23.140000	35.419774	-641.870714	
23.160000	35.423040	-642.579142	
23.180000	35.426300	-643.287636	
23.200000	35.429554	-643.996194	
23.220000	35.432803	-644.704818	
23.240000	35.436046	-645.413507	
23.260000	35.439284	-646.122260	
23.280000	35.442516	-646.831078	
23.300000	35.445742	-647.539961	
23.320000	35.448963	-648.248908	
23.340000	35.452179	-648.957919	
23.360000	35.455389	-649.666995	
23.380000	35.458593	-650.376135	
23.400000	35.461792	-651.085339	
23.420000	35.464985	-651.794606	
23.440000	35.468173	-652.503938	
23.460000	35.471356	-653.213333	
23.480000	35.474533	-653.922792	
23.500000	35.477704	-654.632315	
23.520000	35.480871	-655.341900	
23.540000	35.484032	-656.051549	
23.560000	35.487187	-656.761262	
23.580000	35.490337	-657.471037	
23.600000	35.493482	-658.180875	
23.620000	35.496621	-658.890776	
23.640000	35.499756	-659.600740	
23.660000	35.502884	-660.310766	
23.680000	35.506008	-661.020855	
23.700000	35.509126	-661.731007	
23.720000	35.512239	-662.441220	
23.740000	35.515347	-663.151496	
23.760000	35.518450	-663.861834	
23.780000	35.521547	-664.572234	
23.800000	35.524639	-665.282696	
23.820000	35.527726	-665.993220	
23.840000	35.530807	-666.703805	
23.860000	35.533884	-667.414452	
23.880000	35.536955	-668.125160	
23.900000	35.540021	-668.835930	
23.920000	35.543083	-669.546761	
23.940000	35.546139	-670.257654	
23.960000	35.549189	-670.968607	
23.980000	35.552235	-671.679621	
24.000000	35.555276	-672.390696	
24.020000	35.558311	-673.101832	
24.040000	35.561342	-673.813029	
24.060000	35.564367	-674.524286	
24.080000	35.567388	-675.235603	
24.100000	35.570403	-675.946981	
24.120000	35.573414	-676.658420	
24.140000	35.576419	-677.369918	
24.160000	35.579420	-678.081476	
24.180000	35.582415	-678.793095	
24.200000	35.585406	-679.504773	
24.220000	35.588391	-680.216511	
24.240000	35.591372	-680.928309	
24.260000	35.594348	-681.640166	
24.280000	35.597318	-682.352082	
24.300000	35.600284	-683.064059	
24.320000	35.603245	-683.776094	
24.340000	35.606202	-684.488188	
24.360000	35.609153	-685.200342	
24.380000	35.612099	-685.912554	
24.400000	35.615041	-686.624826	
24.420000	35.617978	-687.337156	
24.440000	35.620910	-688.049545	
24.460000	35.623837	-688.761993	
24.480000	35.626759	-689.474499	
24.500000	35.629677	-690.187063	
24.520000	35.632590	-690.899686	
24.540000	35.635498	-691.612366	
24.560000	35.638401	-692.325106	
24.580000	35.641300	-693.037903	
24.600000	35.644194	-693.750758	
24.620000	35.647083	-694.463670	
24.640000	35.649968	-695.176641	
24.660000	35.652848	-695.889669	
24.680000	35.655723	-696.602755	
24.700000	35.658593	-697.315898	
24.720000	35.661459	-698.029098	
24.740000	35.664320	-698.742356	
24.760000	35.667177	-699.455671	
24.780000	35.670029	-700.169043	
24.800000	35.672876	-700.882472	
24.820000	35.675719	-701.595958	
24.840000	35.678557	-702.309501	
24.860000	35.681391	-703.023101	
24.880000	35.684220	-703.736757	
24.900000	35.687044	-704.450470	
24.920000	35.689864	-705.164239	
24.940000	35.692680	-705.878064	
24.960000	35.695491	-706.591946	
24.980000	35.698297	-707.305884	
